Parsed 1757 boxes

Orientations:
  Box 0: [52 65 45] [45 65 52] [45 52 65] 
  Box 1: [8 78 94] [78 94 8] [8 94 78] 
  Box 2: [18 62 96] [18 96 62] [62 96 18] 
  Box 3: [43 91 10] [10 43 91] [10 91 43] 
  Box 4: [42 75 57] [57 75 42] [42 57 75] 
  Box 5: [58 71 23] [23 71 58] [23 58 71] 
  Box 6: [4 57 7] [7 57 4] [4 7 57] 
  Box 7: [40 52 82] [52 82 40] [40 82 52] 
  Box 8: [6 85 36] [36 85 6] [6 36 85] 
  Box 9: [32 71 23] [23 71 32] [23 32 71] 
  Box 10: [23 31 46] [23 46 31] [31 46 23] 
  Box 11: [28 82 17] [17 28 82] [17 82 28] 
  Box 12: [44 61 65] [44 65 61] [61 65 44] 
  Box 13: [12 47 88] [47 88 12] [12 88 47] 
  Box 14: [42 88 23] [23 42 88] [23 88 42] 
  Box 15: [3 90 94] [3 94 90] [90 94 3] 
  Box 16: [22 26 7] [7 26 22] [7 22 26] 
  Box 17: [65 96 23] [23 96 65] [23 65 96] 
  Box 18: [56 67 36] [36 67 56] [36 56 67] 
  Box 19: [48 63 46] [46 63 48] [46 48 63] 
  Box 20: [60 65 66] [65 66 60] [60 66 65] 
  Box 21: [20 68 4] [4 68 20] [4 20 68] 
  Box 22: [91 99 14] [14 91 99] [14 99 91] 
  Box 23: [13 74 95] [13 95 74] [74 95 13] 
  Box 24: [16 25 83] [25 83 16] [16 83 25] 
  Box 25: [48 89 73] [48 73 89] [73 89 48] 
  Box 26: [39 82 12] [12 82 39] [12 39 82] 
  Box 27: [2 5 45] [2 45 5] [5 45 2] 
  Box 28: [38 78 87] [38 87 78] [78 87 38] 
  Box 29: [4 98 13] [13 98 4] [4 13 98] 
  Box 30: [28 97 26] [26 97 28] [26 28 97] 
  Box 31: [27 96 73] [73 96 27] [27 73 96] 
  Box 32: [52 71 43] [43 71 52] [43 52 71] 
  Box 33: [22 61 17] [17 61 22] [17 22 61] 
  Box 34: [56 67 9] [9 56 67] [9 67 56] 
  Box 35: [18 31 90] [31 90 18] [18 90 31] 
  Box 36: [3 14 11] [11 14 3] [3 11 14] 
  Box 37: [35 56 10] [10 35 56] [10 56 35] 
  Box 38: [38 74 78] [74 78 38] [38 78 74] 
  Box 39: [40 96 74] [40 74 96] [74 96 40] 
  Box 40: [3 51 41] [3 41 51] [41 51 3] 
  Box 41: [40 81 16] [16 81 40] [16 40 81] 
  Box 42: [12 32 44] [12 44 32] [32 44 12] 
  Box 43: [34 36 45] [36 45 34] [34 45 36] 
  Box 44: [14 41 29] [29 41 14] [14 29 41] 
  Box 45: [22 37 97] [22 97 37] [37 97 22] 
  Box 46: [45 57 10] [10 57 45] [10 45 57] 
  Box 47: [38 77 57] [38 57 77] [57 77 38] 
  Box 48: [23 28 22] [22 23 28] [22 28 23] 
  Box 49: [29 52 14] [14 52 29] [14 29 52] 
  Box 50: [40 43 42] [40 42 43] [42 43 40] 
  Box 51: [66 93 69] [66 69 93] [69 93 66] 
  Box 52: [62 88 66] [62 66 88] [66 88 62] 
  Box 53: [52 100 30] [30 100 52] [30 52 100] 
  Box 54: [29 50 69] [29 69 50] [50 69 29] 
  Box 55: [14 81 59] [14 59 81] [59 81 14] 
  Box 56: [1 18 70] [1 70 18] [18 70 1] 
  Box 57: [42 45 29] [29 42 45] [29 45 42] 
  Box 58: [44 89 54] [54 89 44] [44 54 89] 
  Box 59: [34 96 22] [22 96 34] [22 34 96] 
  Box 60: [43 47 7] [7 47 43] [7 43 47] 
  Box 61: [36 86 83] [83 86 36] [36 83 86] 
  Box 62: [32 72 52] [32 52 72] [52 72 32] 
  Box 63: [27 58 16] [16 27 58] [16 58 27] 
  Box 64: [38 71 3] [3 38 71] [3 71 38] 
  Box 65: [40 54 100] [40 100 54] [54 100 40] 
  Box 66: [8 71 50] [50 71 8] [8 50 71] 
  Box 67: [18 73 17] [17 73 18] [17 18 73] 
  Box 68: [12 89 74] [12 74 89] [74 89 12] 
  Box 69: [32 60 10] [10 32 60] [10 60 32] 
  Box 70: [25 54 74] [25 74 54] [54 74 25] 
  Box 71: [36 79 96] [36 96 79] [79 96 36] 
  Box 72: [5 13 47] [13 47 5] [5 47 13] 
  Box 73: [19 32 71] [32 71 19] [19 71 32] 
  Box 74: [48 99 48] [48 48 99] 
  Box 75: [45 96 67] [67 96 45] [45 67 96] 
  Box 76: [17 97 3] [3 17 97] [3 97 17] 
  Box 77: [67 85 67] [67 67 85] 
  Box 78: [55 100 13] [13 55 100] [13 100 55] 
  Box 79: [42 86 54] [42 54 86] [54 86 42] 
  Box 80: [3 37 8] [3 8 37] [8 37 3] 
  Box 81: [32 90 43] [43 90 32] [32 43 90] 
  Box 82: [36 100 15] [15 100 36] [15 36 100] 
  Box 83: [19 91 87] [19 87 91] [87 91 19] 
  Box 84: [33 91 6] [6 33 91] [6 91 33] 
  Box 85: [2 31 94] [31 94 2] [2 94 31] 
  Box 86: [41 94 1] [1 41 94] [1 94 41] 
  Box 87: [14 22 44] [14 44 22] [22 44 14] 
  Box 88: [11 28 38] [11 38 28] [28 38 11] 
  Box 89: [2 14 2] [2 2 14] 
  Box 90: [3 43 11] [11 43 3] [3 11 43] 
  Box 91: [1 54 76] [1 76 54] [54 76 1] 
  Box 92: [63 85 50] [50 85 63] [50 63 85] 
  Box 93: [22 27 10] [10 22 27] [10 27 22] 
  Box 94: [28 46 97] [28 97 46] [46 97 28] 
  Box 95: [40 42 94] [42 94 40] [40 94 42] 
  Box 96: [3 47 7] [3 7 47] [7 47 3] 
  Box 97: [63 66 50] [50 66 63] [50 63 66] 
  Box 98: [79 95 29] [29 95 79] [29 79 95] 
  Box 99: [213 279 162] [162 279 213] [162 213 279] 
  Box 100: [150 153 96] [96 153 150] [96 150 153] 
  Box 101: [37 438 187] [187 438 37] [37 187 438] 
  Box 102: [6 17 183] [17 183 6] [6 183 17] 
  Box 103: [70 228 301] [70 301 228] [228 301 70] 
  Box 104: [146 341 127] [127 146 341] [127 341 146] 
  Box 105: [23 252 348] [23 348 252] [252 348 23] 
  Box 106: [6 163 167] [6 167 163] [163 167 6] 
  Box 107: [144 351 6] [6 144 351] [6 351 144] 
  Box 108: [287 326 444] [326 444 287] [287 444 326] 
  Box 109: [443 449 359] [359 449 443] [359 443 449] 
  Box 110: [385 428 333] [333 428 385] [333 385 428] 
  Box 111: [253 389 282] [282 389 253] [253 282 389] 
  Box 112: [253 374 126] [126 253 374] [126 374 253] 
  Box 113: [181 316 414] [316 414 181] [181 414 316] 
  Box 114: [142 199 19] [19 199 142] [19 142 199] 
  Box 115: [65 141 459] [65 459 141] [141 459 65] 
  Box 116: [222 269 61] [61 222 269] [61 269 222] 
  Box 117: [158 436 254] [254 436 158] [158 254 436] 
  Box 118: [316 481 296] [296 316 481] [296 481 316] 
  Box 119: [348 484 397] [397 484 348] [348 397 484] 
  Box 120: [287 500 9] [9 287 500] [9 500 287] 
  Box 121: [248 397 95] [95 248 397] [95 397 248] 
  Box 122: [22 58 84] [22 84 58] [58 84 22] 
  Box 123: [257 263 241] [241 257 263] [241 263 257] 
  Box 124: [133 360 63] [63 133 360] [63 360 133] 
  Box 125: [132 473 486] [132 486 473] [473 486 132] 
  Box 126: [94 342 320] [320 342 94] [94 320 342] 
  Box 127: [266 429 261] [261 266 429] [261 429 266] 
  Box 128: [78 428 435] [78 435 428] [428 435 78] 
  Box 129: [197 484 372] [197 372 484] [372 484 197] 
  Box 130: [232 290 342] [290 342 232] [232 342 290] 
  Box 131: [377 492 65] [65 492 377] [65 377 492] 
  Box 132: [47 299 159] [47 159 299] [159 299 47] 
  Box 133: [50 177 425] [177 425 50] [50 425 177] 
  Box 134: [279 459 463] [279 463 459] [459 463 279] 
  Box 135: [176 318 477] [176 477 318] [318 477 176] 
  Box 136: [340 481 276] [276 340 481] [276 481 340] 
  Box 137: [30 262 41] [41 262 30] [30 41 262] 
  Box 138: [219 376 284] [219 284 376] [284 376 219] 
  Box 139: [467 487 172] [172 487 467] [172 467 487] 
  Box 140: [195 348 364] [348 364 195] [195 364 348] 
  Box 141: [489 490 203] [203 490 489] [203 489 490] 
  Box 142: [228 331 84] [84 331 228] [84 228 331] 
  Box 143: [333 390 311] [311 333 390] [311 390 333] 
  Box 144: [149 387 130] [130 387 149] [130 149 387] 
  Box 145: [204 344 212] [212 344 204] [204 212 344] 
  Box 146: [294 322 190] [190 322 294] [190 294 322] 
  Box 147: [49 455 113] [113 455 49] [49 113 455] 
  Box 148: [4 75 309] [75 309 4] [4 309 75] 
  Box 149: [16 444 438] [16 438 444] [438 444 16] 
  Box 150: [12 495 315] [12 315 495] [315 495 12] 
  Box 151: [127 358 337] [127 337 358] [337 358 127] 
  Box 152: [291 414 423] [414 423 291] [291 423 414] 
  Box 153: [294 495 449] [449 495 294] [294 449 495] 
  Box 154: [395 444 218] [218 395 444] [218 444 395] 
  Box 155: [145 186 407] [186 407 145] [145 407 186] 
  Box 156: [115 297 122] [122 297 115] [115 122 297] 
  Box 157: [210 230 390] [230 390 210] [210 390 230] 
  Box 158: [13 43 251] [13 251 43] [43 251 13] 
  Box 159: [44 420 326] [44 326 420] [326 420 44] 
  Box 160: [45 78 91] [78 91 45] [45 91 78] 
  Box 161: [255 449 408] [255 408 449] [408 449 255] 
  Box 162: [130 141 152] [141 152 130] [130 152 141] 
  Box 163: [44 271 213] [44 213 271] [213 271 44] 
  Box 164: [304 414 82] [82 414 304] [82 304 414] 
  Box 165: [319 468 433] [319 433 468] [433 468 319] 
  Box 166: [22 226 179] [22 179 226] [179 226 22] 
  Box 167: [30 236 415] [236 415 30] [30 415 236] 
  Box 168: [97 146 143] [97 143 146] [143 146 97] 
  Box 169: [29 33 454] [29 454 33] [33 454 29] 
  Box 170: [429 486 470] [470 486 429] [429 470 486] 
  Box 171: [250 255 244] [244 255 250] [244 250 255] 
  Box 172: [70 212 86] [86 212 70] [70 86 212] 
  Box 173: [196 406 492] [406 492 196] [196 492 406] 
  Box 174: [139 433 145] [139 145 433] [145 433 139] 
  Box 175: [44 488 150] [44 150 488] [150 488 44] 
  Box 176: [80 224 395] [80 395 224] [224 395 80] 
  Box 177: [142 256 345] [142 345 256] [256 345 142] 
  Box 178: [86 376 146] [146 376 86] [86 146 376] 
  Box 179: [349 391 336] [336 349 391] [336 391 349] 
  Box 180: [180 260 216] [216 260 180] [180 216 260] 
  Box 181: [348 392 271] [271 348 392] [271 392 348] 
  Box 182: [2 53 299] [53 299 2] [2 299 53] 
  Box 183: [294 423 153] [153 294 423] [153 423 294] 
  Box 184: [180 451 136] [136 180 451] [136 451 180] 
  Box 185: [249 446 32] [32 446 249] [32 249 446] 
  Box 186: [1 468 182] [1 182 468] [182 468 1] 
  Box 187: [168 393 146] [146 168 393] [146 393 168] 
  Box 188: [43 72 307] [43 307 72] [72 307 43] 
  Box 189: [311 456 214] [214 311 456] [214 456 311] 
  Box 190: [438 470 410] [410 438 470] [410 470 438] 
  Box 191: [354 425 440] [425 440 354] [354 440 425] 
  Box 192: [101 351 97] [97 351 101] [97 101 351] 
  Box 193: [398 468 186] [186 398 468] [186 468 398] 
  Box 194: [61 365 460] [365 460 61] [61 460 365] 
  Box 195: [276 344 205] [205 344 276] [205 276 344] 
  Box 196: [457 469 426] [426 469 457] [426 457 469] 
  Box 197: [154 430 351] [351 430 154] [154 351 430] 
  Box 198: [140 396 499] [140 499 396] [396 499 140] 
  Box 199: [2 417 42] [42 417 2] [2 42 417] 
  Box 200: [76 186 338] [186 338 76] [76 338 186] 
  Box 201: [52 231 292] [52 292 231] [231 292 52] 
  Box 202: [240 348 1] [1 348 240] [1 240 348] 
  Box 203: [91 92 38] [38 91 92] [38 92 91] 
  Box 204: [38 460 245] [38 245 460] [245 460 38] 
  Box 205: [225 275 96] [96 275 225] [96 225 275] 
  Box 206: [203 451 257] [203 257 451] [257 451 203] 
  Box 207: [100 133 133] [133 133 100] 
  Box 208: [305 413 246] [246 413 305] [246 305 413] 
  Box 209: [154 225 112] [112 154 225] [112 225 154] 
  Box 210: [205 249 439] [249 439 205] [205 439 249] 
  Box 211: [23 53 115] [53 115 23] [23 115 53] 
  Box 212: [240 387 462] [387 462 240] [240 462 387] 
  Box 213: [187 287 336] [187 336 287] [287 336 187] 
  Box 214: [338 370 473] [370 473 338] [338 473 370] 
  Box 215: [162 222 297] [162 297 222] [222 297 162] 
  Box 216: [46 270 427] [270 427 46] [46 427 270] 
  Box 217: [396 440 471] [440 471 396] [396 471 440] 
  Box 218: [177 331 247] [177 247 331] [247 331 177] 
  Box 219: [365 469 329] [329 469 365] [329 365 469] 
  Box 220: [323 324 406] [323 406 324] [324 406 323] 
  Box 221: [347 423 162] [162 347 423] [162 423 347] 
  Box 222: [267 497 215] [215 267 497] [215 497 267] 
  Box 223: [85 346 498] [346 498 85] [85 498 346] 
  Box 224: [213 305 123] [123 213 305] [123 305 213] 
  Box 225: [47 87 49] [49 87 47] [47 49 87] 
  Box 226: [142 417 142] [142 142 417] 
  Box 227: [51 100 398] [100 398 51] [51 398 100] 
  Box 228: [316 416 184] [184 316 416] [184 416 316] 
  Box 229: [74 379 162] [74 162 379] [162 379 74] 
  Box 230: [144 369 490] [144 490 369] [369 490 144] 
  Box 231: [56 261 307] [56 307 261] [261 307 56] 
  Box 232: [427 449 375] [375 427 449] [375 449 427] 
  Box 233: [37 297 411] [297 411 37] [37 411 297] 
  Box 234: [59 345 372] [59 372 345] [345 372 59] 
  Box 235: [25 188 318] [188 318 25] [25 318 188] 
  Box 236: [205 483 321] [321 483 205] [205 321 483] 
  Box 237: [401 446 131] [131 401 446] [131 446 401] 
  Box 238: [252 356 417] [356 417 252] [252 417 356] 
  Box 239: [5 175 499] [175 499 5] [5 499 175] 
  Box 240: [166 302 334] [302 334 166] [166 334 302] 
  Box 241: [218 394 72] [72 394 218] [72 218 394] 
  Box 242: [149 226 379] [226 379 149] [149 379 226] 
  Box 243: [127 130 364] [130 364 127] [127 364 130] 
  Box 244: [55 470 125] [125 470 55] [55 125 470] 
  Box 245: [194 390 177] [177 390 194] [177 194 390] 
  Box 246: [329 375 243] [243 329 375] [243 375 329] 
  Box 247: [74 432 16] [16 432 74] [16 74 432] 
  Box 248: [71 122 471] [71 471 122] [122 471 71] 
  Box 249: [37 121 305] [121 305 37] [37 305 121] 
  Box 250: [150 272 198] [198 272 150] [150 198 272] 
  Box 251: [151 283 140] [140 283 151] [140 151 283] 
  Box 252: [13 274 458] [13 458 274] [274 458 13] 
  Box 253: [23 75 148] [75 148 23] [23 148 75] 
  Box 254: [230 266 434] [230 434 266] [266 434 230] 
  Box 255: [41 196 138] [138 196 41] [41 138 196] 
  Box 256: [45 70 358] [45 358 70] [70 358 45] 
  Box 257: [77 373 390] [373 390 77] [77 390 373] 
  Box 258: [54 108 207] [108 207 54] [54 207 108] 
  Box 259: [78 326 470] [326 470 78] [78 470 326] 
  Box 260: [250 255 76] [76 250 255] [76 255 250] 
  Box 261: [56 390 88] [88 390 56] [56 88 390] 
  Box 262: [21 239 128] [21 128 239] [128 239 21] 
  Box 263: [343 492 118] [118 343 492] [118 492 343] 
  Box 264: [112 485 356] [356 485 112] [112 356 485] 
  Box 265: [206 260 236] [206 236 260] [236 260 206] 
  Box 266: [19 325 436] [325 436 19] [19 436 325] 
  Box 267: [89 463 261] [89 261 463] [261 463 89] 
  Box 268: [411 484 479] [411 479 484] [479 484 411] 
  Box 269: [25 146 454] [25 454 146] [146 454 25] 
  Box 270: [72 108 451] [72 451 108] [108 451 72] 
  Box 271: [77 226 305] [77 305 226] [226 305 77] 
  Box 272: [148 298 365] [148 365 298] [298 365 148] 
  Box 273: [42 269 256] [256 269 42] [42 256 269] 
  Box 274: [264 287 190] [190 264 287] [190 287 264] 
  Box 275: [215 449 220] [220 449 215] [215 220 449] 
  Box 276: [49 89 353] [49 353 89] [89 353 49] 
  Box 277: [60 491 447] [447 491 60] [60 447 491] 
  Box 278: [323 399 450] [323 450 399] [399 450 323] 
  Box 279: [214 267 106] [106 214 267] [106 267 214] 
  Box 280: [62 139 236] [62 236 139] [139 236 62] 
  Box 281: [218 464 214] [214 464 218] [214 218 464] 
  Box 282: [196 251 306] [196 306 251] [251 306 196] 
  Box 283: [137 399 379] [379 399 137] [137 379 399] 
  Box 284: [89 98 255] [98 255 89] [89 255 98] 
  Box 285: [41 430 445] [430 445 41] [41 445 430] 
  Box 286: [241 482 277] [277 482 241] [241 277 482] 
  Box 287: [2 20 177] [2 177 20] [20 177 2] 
  Box 288: [331 369 280] [280 369 331] [280 331 369] 
  Box 289: [202 219 309] [219 309 202] [202 309 219] 
  Box 290: [180 326 156] [156 180 326] [156 326 180] 
  Box 291: [348 456 277] [277 348 456] [277 456 348] 
  Box 292: [63 337 261] [261 337 63] [63 261 337] 
  Box 293: [75 373 428] [75 428 373] [373 428 75] 
  Box 294: [396 438 128] [128 396 438] [128 438 396] 
  Box 295: [176 390 127] [127 390 176] [127 176 390] 
  Box 296: [58 344 395] [344 395 58] [58 395 344] 
  Box 297: [47 459 411] [411 459 47] [47 411 459] 
  Box 298: [44 484 494] [484 494 44] [44 494 484] 
  Box 299: [215 317 494] [317 494 215] [215 494 317] 
  Box 300: [34 300 321] [34 321 300] [300 321 34] 
  Box 301: [97 235 36] [36 97 235] [36 235 97] 
  Box 302: [130 412 449] [412 449 130] [130 449 412] 
  Box 303: [131 382 436] [131 436 382] [382 436 131] 
  Box 304: [159 296 260] [159 260 296] [260 296 159] 
  Box 305: [147 236 50] [50 147 236] [50 236 147] 
  Box 306: [109 150 180] [109 180 150] [150 180 109] 
  Box 307: [148 407 426] [407 426 148] [148 426 407] 
  Box 308: [326 345 324] [324 326 345] [324 345 326] 
  Box 309: [323 493 125] [125 493 323] [125 323 493] 
  Box 310: [52 350 132] [132 350 52] [52 132 350] 
  Box 311: [213 387 208] [208 387 213] [208 213 387] 
  Box 312: [293 338 490] [338 490 293] [293 490 338] 
  Box 313: [390 453 54] [54 390 453] [54 453 390] 
  Box 314: [326 454 380] [380 454 326] [326 380 454] 
  Box 315: [287 350 454] [350 454 287] [287 454 350] 
  Box 316: [303 478 413] [303 413 478] [413 478 303] 
  Box 317: [216 274 373] [216 373 274] [274 373 216] 
  Box 318: [142 189 184] [142 184 189] [184 189 142] 
  Box 319: [166 210 182] [166 182 210] [182 210 166] 
  Box 320: [20 235 204] [20 204 235] [204 235 20] 
  Box 321: [88 388 55] [55 88 388] [55 388 88] 
  Box 322: [20 255 423] [20 423 255] [255 423 20] 
  Box 323: [115 244 203] [115 203 244] [203 244 115] 
  Box 324: [191 309 179] [179 309 191] [179 191 309] 
  Box 325: [108 403 450] [108 450 403] [403 450 108] 
  Box 326: [99 334 453] [99 453 334] [334 453 99] 
  Box 327: [122 271 13] [13 122 271] [13 271 122] 
  Box 328: [103 250 196] [103 196 250] [196 250 103] 
  Box 329: [244 399 74] [74 399 244] [74 244 399] 
  Box 330: [183 360 368] [360 368 183] [183 368 360] 
  Box 331: [164 215 314] [164 314 215] [215 314 164] 
  Box 332: [22 309 422] [309 422 22] [22 422 309] 
  Box 333: [142 349 12] [12 349 142] [12 142 349] 
  Box 334: [37 85 195] [85 195 37] [37 195 85] 
  Box 335: [196 370 416] [370 416 196] [196 416 370] 
  Box 336: [285 498 149] [149 498 285] [149 285 498] 
  Box 337: [478 500 198] [198 500 478] [198 478 500] 
  Box 338: [66 339 350] [66 350 339] [339 350 66] 
  Box 339: [165 354 23] [23 165 354] [23 354 165] 
  Box 340: [202 411 36] [36 202 411] [36 411 202] 
  Box 341: [135 369 115] [115 135 369] [115 369 135] 
  Box 342: [11 399 424] [11 424 399] [399 424 11] 
  Box 343: [95 341 322] [322 341 95] [95 322 341] 
  Box 344: [155 412 298] [298 412 155] [155 298 412] 
  Box 345: [143 333 334] [143 334 333] [333 334 143] 
  Box 346: [294 391 283] [283 391 294] [283 294 391] 
  Box 347: [178 344 246] [246 344 178] [178 246 344] 
  Box 348: [82 311 190] [190 311 82] [82 190 311] 
  Box 349: [129 379 277] [277 379 129] [129 277 379] 
  Box 350: [101 345 203] [101 203 345] [203 345 101] 
  Box 351: [72 254 212] [72 212 254] [212 254 72] 
  Box 352: [230 445 67] [67 230 445] [67 445 230] 
  Box 353: [176 197 367] [176 367 197] [197 367 176] 
  Box 354: [57 199 209] [57 209 199] [199 209 57] 
  Box 355: [15 478 394] [394 478 15] [15 394 478] 
  Box 356: [300 495 431] [300 431 495] [431 495 300] 
  Box 357: [142 426 144] [142 144 426] [144 426 142] 
  Box 358: [101 123 124] [123 124 101] [101 124 123] 
  Box 359: [16 355 450] [16 450 355] [355 450 16] 
  Box 360: [42 395 377] [42 377 395] [377 395 42] 
  Box 361: [42 132 431] [132 431 42] [42 431 132] 
  Box 362: [159 291 157] [157 291 159] [157 159 291] 
  Box 363: [93 492 82] [82 93 492] [82 492 93] 
  Box 364: [153 248 313] [153 313 248] [248 313 153] 
  Box 365: [111 456 45] [45 456 111] [45 111 456] 
  Box 366: [86 419 444] [86 444 419] [419 444 86] 
  Box 367: [91 384 201] [91 201 384] [201 384 91] 
  Box 368: [151 473 130] [130 473 151] [130 151 473] 
  Box 369: [151 232 340] [151 340 232] [232 340 151] 
  Box 370: [16 387 9] [9 387 16] [9 16 387] 
  Box 371: [163 319 218] [218 319 163] [163 218 319] 
  Box 372: [199 446 375] [375 446 199] [199 375 446] 
  Box 373: [440 495 265] [265 495 440] [265 440 495] 
  Box 374: [178 481 306] [306 481 178] [178 306 481] 
  Box 375: [141 443 386] [386 443 141] [141 386 443] 
  Box 376: [12 26 34] [12 34 26] [26 34 12] 
  Box 377: [251 257 457] [257 457 251] [251 457 257] 
  Box 378: [37 462 395] [37 395 462] [395 462 37] 
  Box 379: [208 308 86] [86 208 308] [86 308 208] 
  Box 380: [127 273 258] [258 273 127] [127 258 273] 
  Box 381: [45 440 4] [4 45 440] [4 440 45] 
  Box 382: [1 43 370] [1 370 43] [43 370 1] 
  Box 383: [148 489 199] [199 489 148] [148 199 489] 
  Box 384: [314 323 230] [230 323 314] [230 314 323] 
  Box 385: [26 279 126] [126 279 26] [26 126 279] 
  Box 386: [27 137 71] [27 71 137] [71 137 27] 
  Box 387: [85 167 81] [81 167 85] [81 85 167] 
  Box 388: [260 376 286] [286 376 260] [260 286 376] 
  Box 389: [13 363 390] [363 390 13] [13 390 363] 
  Box 390: [3 235 352] [3 352 235] [235 352 3] 
  Box 391: [130 146 243] [130 243 146] [146 243 130] 
  Box 392: [182 344 363] [182 363 344] [344 363 182] 
  Box 393: [164 362 218] [164 218 362] [218 362 164] 
  Box 394: [60 121 127] [121 127 60] [60 127 121] 
  Box 395: [24 346 366] [346 366 24] [24 366 346] 
  Box 396: [351 492 409] [351 409 492] [409 492 351] 
  Box 397: [36 62 25] [25 36 62] [25 62 36] 
  Box 398: [25 274 18] [18 274 25] [18 25 274] 
  Box 399: [418 456 420] [420 456 418] [418 420 456] 
  Box 400: [18 211 3] [3 211 18] [3 18 211] 
  Box 401: [48 175 276] [48 276 175] [175 276 48] 
  Box 402: [162 223 178] [178 223 162] [162 178 223] 
  Box 403: [32 75 32] [32 32 75] 
  Box 404: [262 410 273] [262 273 410] [273 410 262] 
  Box 405: [275 462 139] [139 462 275] [139 275 462] 
  Box 406: [180 205 401] [180 401 205] [205 401 180] 
  Box 407: [302 439 276] [276 302 439] [276 439 302] 
  Box 408: [185 270 19] [19 185 270] [19 270 185] 
  Box 409: [191 431 55] [55 431 191] [55 191 431] 
  Box 410: [442 454 80] [80 442 454] [80 454 442] 
  Box 411: [43 309 306] [306 309 43] [43 306 309] 
  Box 412: [61 416 286] [286 416 61] [61 286 416] 
  Box 413: [105 449 424] [105 424 449] [424 449 105] 
  Box 414: [191 330 167] [167 330 191] [167 191 330] 
  Box 415: [439 498 318] [318 439 498] [318 498 439] 
  Box 416: [209 233 364] [209 364 233] [233 364 209] 
  Box 417: [483 492 141] [141 492 483] [141 483 492] 
  Box 418: [44 105 8] [8 44 105] [8 105 44] 
  Box 419: [397 422 123] [123 397 422] [123 422 397] 
  Box 420: [214 297 341] [297 341 214] [214 341 297] 
  Box 421: [427 445 217] [217 427 445] [217 445 427] 
  Box 422: [268 443 220] [220 268 443] [220 443 268] 
  Box 423: [5 343 120] [120 343 5] [5 120 343] 
  Box 424: [68 142 36] [36 68 142] [36 142 68] 
  Box 425: [85 176 414] [176 414 85] [85 414 176] 
  Box 426: [185 460 224] [185 224 460] [224 460 185] 
  Box 427: [39 244 360] [39 360 244] [244 360 39] 
  Box 428: [260 321 20] [20 321 260] [20 260 321] 
  Box 429: [232 463 278] [278 463 232] [232 278 463] 
  Box 430: [217 407 287] [217 287 407] [287 407 217] 
  Box 431: [381 428 487] [428 487 381] [381 487 428] 
  Box 432: [38 495 187] [187 495 38] [38 187 495] 
  Box 433: [239 300 324] [239 324 300] [300 324 239] 
  Box 434: [276 328 223] [223 328 276] [223 276 328] 
  Box 435: [272 463 442] [272 442 463] [442 463 272] 
  Box 436: [216 218 280] [218 280 216] [216 280 218] 
  Box 437: [20 288 79] [79 288 20] [20 79 288] 
  Box 438: [135 152 161] [152 161 135] [135 161 152] 
  Box 439: [186 290 142] [142 186 290] [142 290 186] 
  Box 440: [231 309 413] [309 413 231] [231 413 309] 
  Box 441: [82 368 72] [72 368 82] [72 82 368] 
  Box 442: [168 224 298] [224 298 168] [168 298 224] 
  Box 443: [98 155 388] [155 388 98] [98 388 155] 
  Box 444: [60 64 217] [60 217 64] [64 217 60] 
  Box 445: [167 308 100] [100 167 308] [100 308 167] 
  Box 446: [397 481 222] [222 397 481] [222 481 397] 
  Box 447: [348 389 205] [205 389 348] [205 348 389] 
  Box 448: [247 491 208] [208 247 491] [208 491 247] 
  Box 449: [90 331 10] [10 331 90] [10 90 331] 
  Box 450: [62 330 368] [330 368 62] [62 368 330] 
  Box 451: [65 471 348] [65 348 471] [348 471 65] 
  Box 452: [266 385 457] [385 457 266] [266 457 385] 
  Box 453: [447 484 452] [447 452 484] [452 484 447] 
  Box 454: [46 345 308] [46 308 345] [308 345 46] 
  Box 455: [170 395 68] [68 395 170] [68 170 395] 
  Box 456: [346 383 112] [112 383 346] [112 346 383] 
  Box 457: [58 343 125] [125 343 58] [58 125 343] 
  Box 458: [424 443 136] [136 424 443] [136 443 424] 
  Box 459: [255 390 103] [103 255 390] [103 390 255] 
  Box 460: [6 216 31] [31 216 6] [6 31 216] 
  Box 461: [227 457 419] [227 419 457] [419 457 227] 
  Box 462: [396 477 28] [28 396 477] [28 477 396] 
  Box 463: [165 498 274] [274 498 165] [165 274 498] 
  Box 464: [208 305 53] [53 208 305] [53 305 208] 
  Box 465: [81 145 22] [22 81 145] [22 145 81] 
  Box 466: [218 410 244] [244 410 218] [218 244 410] 
  Box 467: [317 336 439] [336 439 317] [317 439 336] 
  Box 468: [257 409 21] [21 409 257] [21 257 409] 
  Box 469: [202 212 465] [212 465 202] [202 465 212] 
  Box 470: [43 133 212] [43 212 133] [133 212 43] 
  Box 471: [330 392 500] [330 500 392] [392 500 330] 
  Box 472: [275 304 240] [240 304 275] [240 275 304] 
  Box 473: [116 382 232] [116 232 382] [232 382 116] 
  Box 474: [264 280 333] [280 333 264] [264 333 280] 
  Box 475: [117 461 71] [71 117 461] [71 461 117] 
  Box 476: [93 423 29] [29 423 93] [29 93 423] 
  Box 477: [88 433 205] [88 205 433] [205 433 88] 
  Box 478: [400 457 57] [57 400 457] [57 457 400] 
  Box 479: [16 459 93] [16 93 459] [93 459 16] 
  Box 480: [205 316 61] [61 316 205] [61 205 316] 
  Box 481: [452 457 236] [236 452 457] [236 457 452] 
  Box 482: [59 102 375] [102 375 59] [59 375 102] 
  Box 483: [459 482 87] [87 482 459] [87 459 482] 
  Box 484: [229 394 232] [229 232 394] [232 394 229] 
  Box 485: [154 458 446] [154 446 458] [446 458 154] 
  Box 486: [59 204 479] [59 479 204] [204 479 59] 
  Box 487: [74 356 447] [356 447 74] [74 447 356] 
  Box 488: [164 348 12] [12 348 164] [12 164 348] 
  Box 489: [93 350 184] [93 184 350] [184 350 93] 
  Box 490: [26 227 315] [26 315 227] [227 315 26] 
  Box 491: [114 481 439] [439 481 114] [114 439 481] 
  Box 492: [335 444 114] [114 444 335] [114 335 444] 
  Box 493: [152 378 75] [75 378 152] [75 152 378] 
  Box 494: [380 499 383] [383 499 380] [380 383 499] 
  Box 495: [256 492 213] [213 492 256] [213 256 492] 
  Box 496: [403 442 326] [326 442 403] [326 403 442] 
  Box 497: [354 446 431] [354 431 446] [431 446 354] 
  Box 498: [170 238 151] [151 238 170] [151 170 238] 
  Box 499: [83 126 227] [126 227 83] [83 227 126] 
  Box 500: [149 191 175] [175 191 149] [149 175 191] 
  Box 501: [25 229 210] [25 210 229] [210 229 25] 
  Box 502: [372 415 464] [415 464 372] [372 464 415] 
  Box 503: [348 407 247] [247 348 407] [247 407 348] 
  Box 504: [434 475 493] [475 493 434] [434 493 475] 
  Box 505: [288 394 165] [165 394 288] [165 288 394] 
  Box 506: [344 387 234] [234 387 344] [234 344 387] 
  Box 507: [85 382 323] [323 382 85] [85 323 382] 
  Box 508: [387 460 31] [31 387 460] [31 460 387] 
  Box 509: [319 482 472] [319 472 482] [472 482 319] 
  Box 510: [109 259 166] [166 259 109] [109 166 259] 
  Box 511: [175 448 423] [423 448 175] [175 423 448] 
  Box 512: [94 208 113] [94 113 208] [113 208 94] 
  Box 513: [99 264 321] [264 321 99] [99 321 264] 
  Box 514: [51 203 174] [51 174 203] [174 203 51] 
  Box 515: [84 464 86] [84 86 464] [86 464 84] 
  Box 516: [168 423 176] [168 176 423] [176 423 168] 
  Box 517: [93 190 249] [190 249 93] [93 249 190] 
  Box 518: [323 377 24] [24 377 323] [24 323 377] 
  Box 519: [210 380 473] [210 473 380] [380 473 210] 
  Box 520: [231 314 106] [106 231 314] [106 314 231] 
  Box 521: [178 327 488] [178 488 327] [327 488 178] 
  Box 522: [60 288 36] [36 60 288] [36 288 60] 
  Box 523: [38 166 252] [166 252 38] [38 252 166] 
  Box 524: [38 132 284] [132 284 38] [38 284 132] 
  Box 525: [6 439 31] [6 31 439] [31 439 6] 
  Box 526: [285 497 104] [104 497 285] [104 285 497] 
  Box 527: [248 404 18] [18 404 248] [18 248 404] 
  Box 528: [35 451 70] [70 451 35] [35 70 451] 
  Box 529: [411 452 65] [65 452 411] [65 411 452] 
  Box 530: [182 201 382] [201 382 182] [182 382 201] 
  Box 531: [107 215 348] [107 348 215] [215 348 107] 
  Box 532: [85 260 138] [85 138 260] [138 260 85] 
  Box 533: [174 467 373] [373 467 174] [174 373 467] 
  Box 534: [258 357 494] [258 494 357] [357 494 258] 
  Box 535: [81 283 30] [30 81 283] [30 283 81] 
  Box 536: [416 453 369] [369 453 416] [369 416 453] 
  Box 537: [182 259 92] [92 259 182] [92 182 259] 
  Box 538: [120 213 430] [120 430 213] [213 430 120] 
  Box 539: [113 435 236] [113 236 435] [236 435 113] 
  Box 540: [118 498 408] [118 408 498] [408 498 118] 
  Box 541: [147 334 103] [103 334 147] [103 147 334] 
  Box 542: [139 313 135] [135 313 139] [135 139 313] 
  Box 543: [21 233 174] [174 233 21] [21 174 233] 
  Box 544: [439 476 273] [273 439 476] [273 476 439] 
  Box 545: [391 429 259] [259 391 429] [259 429 391] 
  Box 546: [404 465 459] [459 465 404] [404 459 465] 
  Box 547: [4 288 7] [4 7 288] [7 288 4] 
  Box 548: [209 457 306] [209 306 457] [306 457 209] 
  Box 549: [11 477 26] [26 477 11] [11 26 477] 
  Box 550: [27 438 76] [27 76 438] [76 438 27] 
  Box 551: [20 202 320] [20 320 202] [202 320 20] 
  Box 552: [156 371 49] [49 156 371] [49 371 156] 
  Box 553: [92 352 8] [8 92 352] [8 352 92] 
  Box 554: [190 363 224] [190 224 363] [224 363 190] 
  Box 555: [115 472 357] [115 357 472] [357 472 115] 
  Box 556: [83 366 2] [2 83 366] [2 366 83] 
  Box 557: [101 186 234] [186 234 101] [101 234 186] 
  Box 558: [133 451 192] [192 451 133] [133 192 451] 
  Box 559: [182 394 62] [62 182 394] [62 394 182] 
  Box 560: [176 241 129] [129 241 176] [129 176 241] 
  Box 561: [199 202 84] [84 202 199] [84 199 202] 
  Box 562: [135 282 301] [135 301 282] [282 301 135] 
  Box 563: [228 366 416] [228 416 366] [366 416 228] 
  Box 564: [272 293 39] [39 272 293] [39 293 272] 
  Box 565: [4 479 66] [4 66 479] [66 479 4] 
  Box 566: [57 128 238] [128 238 57] [57 238 128] 
  Box 567: [383 480 16] [16 480 383] [16 383 480] 
  Box 568: [181 393 390] [390 393 181] [181 390 393] 
  Box 569: [152 195 486] [195 486 152] [152 486 195] 
  Box 570: [154 165 177] [154 177 165] [165 177 154] 
  Box 571: [205 268 241] [241 268 205] [205 241 268] 
  Box 572: [43 245 24] [24 43 245] [24 245 43] 
  Box 573: [319 449 294] [294 449 319] [294 319 449] 
  Box 574: [269 418 326] [326 418 269] [269 326 418] 
  Box 575: [44 182 493] [182 493 44] [44 493 182] 
  Box 576: [16 487 401] [16 401 487] [401 487 16] 
  Box 577: [71 436 489] [71 489 436] [436 489 71] 
  Box 578: [354 455 169] [169 354 455] [169 455 354] 
  Box 579: [97 229 147] [97 147 229] [147 229 97] 
  Box 580: [366 472 291] [291 472 366] [291 366 472] 
  Box 581: [235 411 494] [235 494 411] [411 494 235] 
  Box 582: [196 394 495] [196 495 394] [394 495 196] 
  Box 583: [110 329 195] [195 329 110] [110 195 329] 
  Box 584: [119 253 26] [26 253 119] [26 119 253] 
  Box 585: [222 430 158] [158 430 222] [158 222 430] 
  Box 586: [269 291 288] [288 291 269] [269 288 291] 
  Box 587: [135 191 7] [7 135 191] [7 191 135] 
  Box 588: [68 186 206] [186 206 68] [68 206 186] 
  Box 589: [31 350 457] [350 457 31] [31 457 350] 
  Box 590: [211 362 16] [16 211 362] [16 362 211] 
  Box 591: [192 357 39] [39 192 357] [39 357 192] 
  Box 592: [68 364 97] [97 364 68] [68 97 364] 
  Box 593: [135 379 92] [92 135 379] [92 379 135] 
  Box 594: [120 439 172] [120 172 439] [172 439 120] 
  Box 595: [182 451 265] [182 265 451] [265 451 182] 
  Box 596: [125 168 443] [125 443 168] [168 443 125] 
  Box 597: [71 84 69] [69 84 71] [69 71 84] 
  Box 598: [2 2 2] 
  Box 599: [3 3 3] 
  Box 600: [4 4 4] 
  Box 601: [5 5 5] 
  Box 602: [6 6 6] 
  Box 603: [7 7 7] 
  Box 604: [8 8 8] 
  Box 605: [9 9 9] 
  Box 606: [1 10 3] [1 3 10] [3 10 1] 
  Box 607: [2 10 4] [2 4 10] [4 10 2] 
  Box 608: [3 10 6] [6 10 3] [3 6 10] 
  Box 609: [9 9 3] [3 9 9] 
  Box 610: [1 2 4] [1 4 2] [2 4 1] 
  Box 611: [2 6 7] [6 7 2] [2 7 6] 
  Box 612: [4 6 9] [6 9 4] [4 9 6] 
  Box 613: [8 10 5] [5 8 10] [5 10 8] 
  Box 614: [10 10 8] [8 10 10] 
  Box 615: [188 240 185] [185 240 188] [185 188 240] 
  Box 616: [536 869 617] [536 617 869] [617 869 536] 
  Box 617: [640 835 725] [640 725 835] [725 835 640] 
  Box 618: [413 967 652] [652 967 413] [413 652 967] 
  Box 619: [260 707 713] [707 713 260] [260 713 707] 
  Box 620: [51 971 817] [51 817 971] [817 971 51] 
  Box 621: [574 642 303] [303 642 574] [303 574 642] 
  Box 622: [803 826 849] [803 849 826] [826 849 803] 
  Box 623: [44 862 397] [397 862 44] [44 397 862] 
  Box 624: [680 763 351] [351 680 763] [351 763 680] 
  Box 625: [115 525 802] [525 802 115] [115 802 525] 
  Box 626: [458 959 793] [793 959 458] [458 793 959] 
  Box 627: [69 180 148] [69 148 180] [148 180 69] 
  Box 628: [552 757 261] [261 552 757] [261 757 552] 
  Box 629: [236 379 987] [236 987 379] [379 987 236] 
  Box 630: [314 475 155] [155 314 475] [155 475 314] 
  Box 631: [222 346 496] [222 496 346] [346 496 222] 
  Box 632: [887 984 183] [183 887 984] [183 984 887] 
  Box 633: [279 667 111] [111 667 279] [111 279 667] 
  Box 634: [456 843 258] [258 843 456] [258 456 843] 
  Box 635: [197 331 700] [331 700 197] [197 700 331] 
  Box 636: [621 808 381] [381 621 808] [381 808 621] 
  Box 637: [829 961 425] [425 961 829] [425 829 961] 
  Box 638: [27 193 554] [193 554 27] [27 554 193] 
  Box 639: [59 646 679] [646 679 59] [59 679 646] 
  Box 640: [477 737 771] [477 771 737] [737 771 477] 
  Box 641: [574 604 553] [553 604 574] [553 574 604] 
  Box 642: [91 518 877] [518 877 91] [91 877 518] 
  Box 643: [567 742 939] [742 939 567] [567 939 742] 
  Box 644: [826 869 964] [826 964 869] [869 964 826] 
  Box 645: [662 900 220] [220 900 662] [220 662 900] 
  Box 646: [102 988 463] [463 988 102] [102 463 988] 
  Box 647: [311 853 895] [853 895 311] [311 895 853] 
  Box 648: [527 706 458] [458 527 706] [458 706 527] 
  Box 649: [274 518 967] [518 967 274] [274 967 518] 
  Box 650: [496 875 261] [261 496 875] [261 875 496] 
  Box 651: [343 817 30] [30 343 817] [30 817 343] 
  Box 652: [534 879 313] [313 534 879] [313 879 534] 
  Box 653: [932 949 62] [62 949 932] [62 932 949] 
  Box 654: [710 988 43] [43 710 988] [43 988 710] 
  Box 655: [88 544 246] [88 246 544] [246 544 88] 
  Box 656: [574 770 243] [243 574 770] [243 770 574] 
  Box 657: [579 771 150] [150 771 579] [150 579 771] 
  Box 658: [792 963 3] [3 963 792] [3 792 963] 
  Box 659: [538 565 345] [345 538 565] [345 565 538] 
  Box 660: [889 947 244] [244 889 947] [244 947 889] 
  Box 661: [194 931 718] [194 718 931] [718 931 194] 
  Box 662: [87 661 484] [87 484 661] [484 661 87] 
  Box 663: [54 145 537] [54 537 145] [145 537 54] 
  Box 664: [392 825 84] [84 825 392] [84 392 825] 
  Box 665: [51 182 356] [182 356 51] [51 356 182] 
  Box 666: [169 831 270] [169 270 831] [270 831 169] 
  Box 667: [281 382 293] [281 293 382] [293 382 281] 
  Box 668: [129 439 276] [129 276 439] [276 439 129] 
  Box 669: [129 424 897] [424 897 129] [129 897 424] 
  Box 670: [613 887 96] [96 613 887] [96 887 613] 
  Box 671: [518 643 148] [148 643 518] [148 518 643] 
  Box 672: [707 890 548] [548 890 707] [548 707 890] 
  Box 673: [433 554 20] [20 554 433] [20 433 554] 
  Box 674: [375 443 494] [443 494 375] [375 494 443] 
  Box 675: [115 127 417] [127 417 115] [115 417 127] 
  Box 676: [448 991 360] [360 448 991] [360 991 448] 
  Box 677: [576 806 233] [233 806 576] [233 576 806] 
  Box 678: [75 496 726] [496 726 75] [75 726 496] 
  Box 679: [40 832 77] [40 77 832] [77 832 40] 
  Box 680: [279 714 177] [177 714 279] [177 279 714] 
  Box 681: [357 410 522] [410 522 357] [357 522 410] 
  Box 682: [198 268 74] [74 268 198] [74 198 268] 
  Box 683: [428 768 681] [681 768 428] [428 681 768] 
  Box 684: [18 162 964] [18 964 162] [162 964 18] 
  Box 685: [70 461 245] [70 245 461] [245 461 70] 
  Box 686: [48 998 817] [817 998 48] [48 817 998] 
  Box 687: [317 487 318] [318 487 317] [317 318 487] 
  Box 688: [272 890 610] [610 890 272] [272 610 890] 
  Box 689: [115 676 547] [547 676 115] [115 547 676] 
  Box 690: [435 564 12] [12 435 564] [12 564 435] 
  Box 691: [157 271 659] [271 659 157] [157 659 271] 
  Box 692: [465 947 304] [304 947 465] [304 465 947] 
  Box 693: [609 902 12] [12 902 609] [12 609 902] 
  Box 694: [181 613 628] [181 628 613] [613 628 181] 
  Box 695: [550 924 107] [107 550 924] [107 924 550] 
  Box 696: [467 581 341] [341 467 581] [341 581 467] 
  Box 697: [378 388 941] [388 941 378] [378 941 388] 
  Box 698: [417 993 611] [417 611 993] [611 993 417] 
  Box 699: [214 288 718] [214 718 288] [288 718 214] 
  Box 700: [236 404 365] [365 404 236] [236 365 404] 
  Box 701: [126 404 412] [126 412 404] [404 412 126] 
  Box 702: [335 691 926] [335 926 691] [691 926 335] 
  Box 703: [32 229 765] [32 765 229] [229 765 32] 
  Box 704: [105 678 910] [678 910 105] [105 910 678] 
  Box 705: [87 249 69] [69 87 249] [69 249 87] 
  Box 706: [24 563 494] [494 563 24] [24 494 563] 
  Box 707: [838 886 840] [838 840 886] [840 886 838] 
  Box 708: [7 690 203] [203 690 7] [7 203 690] 
  Box 709: [506 777 617] [506 617 777] [617 777 506] 
  Box 710: [114 1000 324] [324 1000 114] [114 324 1000] 
  Box 711: [123 560 125] [125 560 123] [123 125 560] 
  Box 712: [51 208 781] [51 781 208] [208 781 51] 
  Box 713: [459 923 512] [459 512 923] [512 923 459] 
  Box 714: [444 836 934] [836 934 444] [444 934 836] 
  Box 715: [252 864 71] [71 252 864] [71 864 252] 
  Box 716: [443 520 971] [520 971 443] [443 971 520] 
  Box 717: [250 831 784] [250 784 831] [784 831 250] 
  Box 718: [159 536 771] [159 771 536] [536 771 159] 
  Box 719: [556 564 147] [147 564 556] [147 556 564] 
  Box 720: [486 774 273] [273 486 774] [273 774 486] 
  Box 721: [542 777 138] [138 542 777] [138 777 542] 
  Box 722: [314 718 188] [188 314 718] [188 718 314] 
  Box 723: [668 977 643] [643 977 668] [643 668 977] 
  Box 724: [464 693 432] [432 464 693] [432 693 464] 
  Box 725: [279 384 602] [279 602 384] [384 602 279] 
  Box 726: [539 787 453] [453 539 787] [453 787 539] 
  Box 727: [843 866 280] [280 843 866] [280 866 843] 
  Box 728: [429 544 706] [544 706 429] [429 706 544] 
  Box 729: [322 328 632] [322 632 328] [328 632 322] 
  Box 730: [227 450 944] [450 944 227] [227 944 450] 
  Box 731: [550 664 551] [550 551 664] [551 664 550] 
  Box 732: [347 470 788] [347 788 470] [470 788 347] 
  Box 733: [301 508 250] [250 301 508] [250 508 301] 
  Box 734: [401 479 20] [20 479 401] [20 401 479] 
  Box 735: [170 613 335] [170 335 613] [335 613 170] 
  Box 736: [799 935 684] [684 935 799] [684 799 935] 
  Box 737: [289 732 770] [289 770 732] [732 770 289] 
  Box 738: [596 765 515] [515 765 596] [515 596 765] 
  Box 739: [60 524 366] [366 524 60] [60 366 524] 
  Box 740: [326 770 207] [207 770 326] [207 326 770] 
  Box 741: [84 858 598] [84 598 858] [598 858 84] 
  Box 742: [313 536 995] [536 995 313] [313 995 536] 
  Box 743: [531 814 500] [500 814 531] [500 531 814] 
  Box 744: [150 818 173] [150 173 818] [173 818 150] 
  Box 745: [405 713 250] [250 713 405] [250 405 713] 
  Box 746: [285 669 6] [6 285 669] [6 669 285] 
  Box 747: [446 660 121] [121 660 446] [121 446 660] 
  Box 748: [434 569 726] [569 726 434] [434 726 569] 
  Box 749: [113 684 140] [140 684 113] [113 140 684] 
  Box 750: [66 393 745] [66 745 393] [393 745 66] 
  Box 751: [13 787 337] [337 787 13] [13 337 787] 
  Box 752: [113 776 563] [113 563 776] [563 776 113] 
  Box 753: [380 911 564] [564 911 380] [380 564 911] 
  Box 754: [437 929 629] [629 929 437] [437 629 929] 
  Box 755: [335 935 457] [457 935 335] [335 457 935] 
  Box 756: [453 840 670] [670 840 453] [453 670 840] 
  Box 757: [71 869 136] [71 136 869] [136 869 71] 
  Box 758: [659 927 639] [639 927 659] [639 659 927] 
  Box 759: [534 939 174] [174 939 534] [174 534 939] 
  Box 760: [423 483 900] [423 900 483] [483 900 423] 
  Box 761: [460 785 690] [460 690 785] [690 785 460] 
  Box 762: [324 467 383] [383 467 324] [324 383 467] 
  Box 763: [166 854 318] [318 854 166] [166 318 854] 
  Box 764: [9 479 666] [479 666 9] [9 666 479] 
  Box 765: [148 331 182] [182 331 148] [148 182 331] 
  Box 766: [110 514 397] [110 397 514] [397 514 110] 
  Box 767: [473 804 520] [520 804 473] [473 520 804] 
  Box 768: [253 699 593] [253 593 699] [593 699 253] 
  Box 769: [426 992 424] [424 992 426] [424 426 992] 
  Box 770: [250 362 566] [250 566 362] [362 566 250] 
  Box 771: [171 564 106] [106 171 564] [106 564 171] 
  Box 772: [687 699 901] [687 901 699] [699 901 687] 
  Box 773: [149 374 262] [262 374 149] [149 262 374] 
  Box 774: [1 622 712] [622 712 1] [1 712 622] 
  Box 775: [558 995 630] [558 630 995] [630 995 558] 
  Box 776: [385 720 451] [385 451 720] [451 720 385] 
  Box 777: [229 681 390] [229 390 681] [390 681 229] 
  Box 778: [756 887 817] [817 887 756] [756 817 887] 
  Box 779: [321 979 394] [321 394 979] [394 979 321] 
  Box 780: [91 624 153] [91 153 624] [153 624 91] 
  Box 781: [429 946 523] [523 946 429] [429 523 946] 
  Box 782: [362 578 118] [118 578 362] [118 362 578] 
  Box 783: [211 534 744] [211 744 534] [534 744 211] 
  Box 784: [705 870 851] [705 851 870] [851 870 705] 
  Box 785: [13 22 535] [13 535 22] [22 535 13] 
  Box 786: [534 682 204] [204 534 682] [204 682 534] 
  Box 787: [189 702 79] [79 189 702] [79 702 189] 
  Box 788: [25 497 221] [25 221 497] [221 497 25] 
  Box 789: [41 343 90] [90 343 41] [41 90 343] 
  Box 790: [456 882 464] [456 464 882] [464 882 456] 
  Box 791: [59 697 448] [448 697 59] [59 448 697] 
  Box 792: [335 899 164] [164 335 899] [164 899 335] 
  Box 793: [185 486 800] [486 800 185] [185 800 486] 
  Box 794: [820 968 446] [446 820 968] [446 968 820] 
  Box 795: [302 303 680] [302 680 303] [303 680 302] 
  Box 796: [485 490 932] [490 932 485] [485 932 490] 
  Box 797: [40 320 935] [320 935 40] [40 935 320] 
  Box 798: [339 658 430] [430 658 339] [339 430 658] 
  Box 799: [41 797 155] [41 155 797] [155 797 41] 
  Box 800: [489 510 190] [190 510 489] [190 489 510] 
  Box 801: [355 731 641] [641 731 355] [355 641 731] 
  Box 802: [251 823 877] [823 877 251] [251 877 823] 
  Box 803: [308 946 369] [369 946 308] [308 369 946] 
  Box 804: [262 795 52] [52 262 795] [52 795 262] 
  Box 805: [219 350 646] [350 646 219] [219 646 350] 
  Box 806: [767 788 754] [754 767 788] [754 788 767] 
  Box 807: [207 525 991] [525 991 207] [207 991 525] 
  Box 808: [175 474 286] [286 474 175] [175 286 474] 
  Box 809: [420 917 396] [396 420 917] [396 917 420] 
  Box 810: [349 389 7] [7 349 389] [7 389 349] 
  Box 811: [191 309 853] [309 853 191] [191 853 309] 
  Box 812: [335 394 638] [335 638 394] [394 638 335] 
  Box 813: [791 892 557] [557 892 791] [557 791 892] 
  Box 814: [75 260 590] [75 590 260] [260 590 75] 
  Box 815: [492 525 705] [525 705 492] [492 705 525] 
  Box 816: [473 776 172] [172 473 776] [172 776 473] 
  Box 817: [197 681 707] [197 707 681] [681 707 197] 
  Box 818: [936 976 616] [616 936 976] [616 976 936] 
  Box 819: [63 401 405] [63 405 401] [401 405 63] 
  Box 820: [392 596 555] [555 596 392] [392 555 596] 
  Box 821: [92 580 582] [92 582 580] [580 582 92] 
  Box 822: [306 952 221] [221 952 306] [221 306 952] 
  Box 823: [6 256 183] [6 183 256] [183 256 6] 
  Box 824: [571 878 625] [571 625 878] [625 878 571] 
  Box 825: [191 985 929] [191 929 985] [929 985 191] 
  Box 826: [199 981 631] [631 981 199] [199 631 981] 
  Box 827: [506 719 953] [719 953 506] [506 953 719] 
  Box 828: [22 229 497] [22 497 229] [229 497 22] 
  Box 829: [163 988 515] [515 988 163] [163 515 988] 
  Box 830: [895 978 558] [558 978 895] [558 895 978] 
  Box 831: [250 639 901] [250 901 639] [639 901 250] 
  Box 832: [800 990 491] [491 800 990] [491 990 800] 
  Box 833: [356 963 628] [628 963 356] [356 628 963] 
  Box 834: [595 805 913] [805 913 595] [595 913 805] 
  Box 835: [259 518 184] [184 259 518] [184 518 259] 
  Box 836: [239 747 223] [223 747 239] [223 239 747] 
  Box 837: [659 883 411] [411 883 659] [411 659 883] 
  Box 838: [243 562 365] [365 562 243] [243 365 562] 
  Box 839: [769 794 858] [794 858 769] [769 858 794] 
  Box 840: [236 636 174] [174 236 636] [174 636 236] 
  Box 841: [177 786 190] [190 786 177] [177 190 786] 
  Box 842: [429 849 758] [758 849 429] [429 758 849] 
  Box 843: [601 907 649] [601 649 907] [649 907 601] 
  Box 844: [95 351 90] [90 95 351] [90 351 95] 
  Box 845: [422 545 975] [545 975 422] [422 975 545] 
  Box 846: [526 541 351] [351 541 526] [351 526 541] 
  Box 847: [137 335 157] [137 157 335] [157 335 137] 
  Box 848: [6 512 287] [6 287 512] [287 512 6] 
  Box 849: [30 259 8] [8 30 259] [8 259 30] 
  Box 850: [760 923 773] [760 773 923] [773 923 760] 
  Box 851: [353 458 481] [458 481 353] [353 481 458] 
  Box 852: [141 503 254] [254 503 141] [141 254 503] 
  Box 853: [421 431 632] [431 632 421] [421 632 431] 
  Box 854: [10 366 48] [10 48 366] [48 366 10] 
  Box 855: [82 676 278] [82 278 676] [278 676 82] 
  Box 856: [119 637 860] [119 860 637] [637 860 119] 
  Box 857: [606 845 859] [606 859 845] [845 859 606] 
  Box 858: [137 796 255] [137 255 796] [255 796 137] 
  Box 859: [722 964 160] [160 722 964] [160 964 722] 
  Box 860: [384 615 822] [615 822 384] [384 822 615] 
  Box 861: [427 792 557] [557 792 427] [427 557 792] 
  Box 862: [402 579 617] [402 617 579] [579 617 402] 
  Box 863: [185 614 337] [185 337 614] [337 614 185] 
  Box 864: [769 863 262] [262 863 769] [262 769 863] 
  Box 865: [303 953 858] [858 953 303] [303 858 953] 
  Box 866: [244 822 277] [277 822 244] [244 277 822] 
  Box 867: [135 661 594] [135 594 661] [594 661 135] 
  Box 868: [288 953 817] [817 953 288] [288 817 953] 
  Box 869: [91 580 575] [575 580 91] [91 575 580] 
  Box 870: [129 387 99] [99 129 387] [99 387 129] 
  Box 871: [841 919 159] [159 919 841] [159 841 919] 
  Box 872: [131 779 321] [321 779 131] [131 321 779] 
  Box 873: [28 887 384] [384 887 28] [28 384 887] 
  Box 874: [90 510 659] [90 659 510] [510 659 90] 
  Box 875: [568 933 558] [558 568 933] [558 933 568] 
  Box 876: [292 968 210] [210 292 968] [210 968 292] 
  Box 877: [582 946 827] [827 946 582] [582 827 946] 
  Box 878: [46 890 441] [46 441 890] [441 890 46] 
  Box 879: [76 281 144] [144 281 76] [76 144 281] 
  Box 880: [921 958 236] [236 958 921] [236 921 958] 
  Box 881: [358 741 743] [358 743 741] [741 743 358] 
  Box 882: [89 516 298] [89 298 516] [298 516 89] 
  Box 883: [114 535 133] [133 535 114] [114 133 535] 
  Box 884: [247 634 450] [450 634 247] [247 450 634] 
  Box 885: [140 372 509] [372 509 140] [140 509 372] 
  Box 886: [252 950 998] [950 998 252] [252 998 950] 
  Box 887: [350 593 529] [350 529 593] [529 593 350] 
  Box 888: [322 982 187] [187 322 982] [187 982 322] 
  Box 889: [38 750 798] [750 798 38] [38 798 750] 
  Box 890: [191 282 612] [191 612 282] [282 612 191] 
  Box 891: [508 895 380] [380 508 895] [380 895 508] 
  Box 892: [811 971 53] [53 971 811] [53 811 971] 
  Box 893: [40 910 132] [132 910 40] [40 132 910] 
  Box 894: [310 338 424] [310 424 338] [338 424 310] 
  Box 895: [86 595 996] [86 996 595] [595 996 86] 
  Box 896: [652 720 153] [153 720 652] [153 652 720] 
  Box 897: [120 153 862] [153 862 120] [120 862 153] 
  Box 898: [474 893 947] [893 947 474] [474 947 893] 
  Box 899: [849 960 914] [914 960 849] [849 914 960] 
  Box 900: [274 350 993] [274 993 350] [350 993 274] 
  Box 901: [463 542 585] [542 585 463] [463 585 542] 
  Box 902: [304 563 206] [206 563 304] [206 304 563] 
  Box 903: [206 690 601] [601 690 206] [206 601 690] 
  Box 904: [873 986 338] [338 873 986] [338 986 873] 
  Box 905: [69 315 435] [69 435 315] [315 435 69] 
  Box 906: [195 335 824] [195 824 335] [335 824 195] 
  Box 907: [282 534 332] [282 332 534] [332 534 282] 
  Box 908: [5 412 62] [62 412 5] [5 62 412] 
  Box 909: [494 512 191] [191 512 494] [191 494 512] 
  Box 910: [41 78 291] [41 291 78] [78 291 41] 
  Box 911: [162 880 689] [689 880 162] [162 689 880] 
  Box 912: [49 943 541] [49 541 943] [541 943 49] 
  Box 913: [777 966 996] [966 996 777] [777 996 966] 
  Box 914: [818 858 908] [818 908 858] [858 908 818] 
  Box 915: [591 928 281] [281 591 928] [281 928 591] 
  Box 916: [9 604 924] [9 924 604] [604 924 9] 
  Box 917: [127 475 756] [475 756 127] [127 756 475] 
  Box 918: [141 261 988] [141 988 261] [261 988 141] 
  Box 919: [100 573 208] [100 208 573] [208 573 100] 
  Box 920: [295 446 486] [446 486 295] [295 486 446] 
  Box 921: [561 910 287] [287 561 910] [287 910 561] 
  Box 922: [36 499 494] [36 494 499] [494 499 36] 
  Box 923: [267 570 704] [267 704 570] [570 704 267] 
  Box 924: [64 859 170] [170 859 64] [64 170 859] 
  Box 925: [260 275 402] [275 402 260] [260 402 275] 
  Box 926: [78 763 695] [695 763 78] [78 695 763] 
  Box 927: [96 430 902] [96 902 430] [430 902 96] 
  Box 928: [44 577 762] [44 762 577] [577 762 44] 
  Box 929: [51 55 639] [51 639 55] [55 639 51] 
  Box 930: [251 758 246] [246 758 251] [246 251 758] 
  Box 931: [582 659 541] [541 582 659] [541 659 582] 
  Box 932: [228 389 348] [228 348 389] [348 389 228] 
  Box 933: [921 978 930] [930 978 921] [921 930 978] 
  Box 934: [658 882 916] [882 916 658] [658 916 882] 
  Box 935: [240 383 566] [383 566 240] [240 566 383] 
  Box 936: [39 111 521] [111 521 39] [39 521 111] 
  Box 937: [574 971 962] [962 971 574] [574 962 971] 
  Box 938: [804 930 329] [329 804 930] [329 930 804] 
  Box 939: [58 318 918] [58 918 318] [318 918 58] 
  Box 940: [197 625 526] [526 625 197] [197 526 625] 
  Box 941: [128 422 683] [128 683 422] [422 683 128] 
  Box 942: [178 269 709] [269 709 178] [178 709 269] 
  Box 943: [207 708 672] [672 708 207] [207 672 708] 
  Box 944: [177 747 911] [177 911 747] [747 911 177] 
  Box 945: [775 839 916] [775 916 839] [839 916 775] 
  Box 946: [515 775 241] [241 515 775] [241 775 515] 
  Box 947: [232 310 470] [232 470 310] [310 470 232] 
  Box 948: [306 736 211] [211 306 736] [211 736 306] 
  Box 949: [118 541 498] [498 541 118] [118 498 541] 
  Box 950: [807 861 756] [756 807 861] [756 861 807] 
  Box 951: [114 864 106] [106 864 114] [106 114 864] 
  Box 952: [236 894 655] [236 655 894] [655 894 236] 
  Box 953: [469 857 242] [242 469 857] [242 857 469] 
  Box 954: [684 764 786] [764 786 684] [684 786 764] 
  Box 955: [138 481 600] [481 600 138] [138 600 481] 
  Box 956: [86 325 704] [86 704 325] [325 704 86] 
  Box 957: [956 994 845] [845 956 994] [845 994 956] 
  Box 958: [500 926 956] [926 956 500] [500 956 926] 
  Box 959: [562 632 829] [632 829 562] [562 829 632] 
  Box 960: [537 854 479] [479 537 854] [479 854 537] 
  Box 961: [4 200 379] [4 379 200] [200 379 4] 
  Box 962: [11 433 883] [11 883 433] [433 883 11] 
  Box 963: [410 588 141] [141 410 588] [141 588 410] 
  Box 964: [174 967 259] [259 967 174] [174 259 967] 
  Box 965: [7 261 84] [84 261 7] [7 84 261] 
  Box 966: [536 697 923] [697 923 536] [536 923 697] 
  Box 967: [66 291 776] [291 776 66] [66 776 291] 
  Box 968: [75 766 535] [535 766 75] [75 535 766] 
  Box 969: [327 591 286] [286 591 327] [286 327 591] 
  Box 970: [365 482 824] [365 824 482] [482 824 365] 
  Box 971: [44 905 238] [44 238 905] [238 905 44] 
  Box 972: [874 987 11] [11 874 987] [11 987 874] 
  Box 973: [770 877 641] [641 877 770] [641 770 877] 
  Box 974: [336 479 11] [11 479 336] [11 336 479] 
  Box 975: [569 885 122] [122 885 569] [122 569 885] 
  Box 976: [648 786 168] [168 648 786] [168 786 648] 
  Box 977: [574 899 489] [489 574 899] [489 899 574] 
  Box 978: [693 700 744] [700 744 693] [693 744 700] 
  Box 979: [74 575 649] [575 649 74] [74 649 575] 
  Box 980: [96 535 903] [535 903 96] [96 903 535] 
  Box 981: [111 965 575] [111 575 965] [575 965 111] 
  Box 982: [347 547 344] [344 347 547] [344 547 347] 
  Box 983: [439 871 429] [429 439 871] [429 871 439] 
  Box 984: [9 421 12] [12 421 9] [9 12 421] 
  Box 985: [234 407 267] [234 267 407] [267 407 234] 
  Box 986: [751 758 491] [491 751 758] [491 758 751] 
  Box 987: [376 912 680] [376 680 912] [680 912 376] 
  Box 988: [43 978 687] [687 978 43] [43 687 978] 
  Box 989: [343 418 577] [343 577 418] [418 577 343] 
  Box 990: [294 621 703] [294 703 621] [621 703 294] 
  Box 991: [291 809 445] [445 809 291] [291 445 809] 
  Box 992: [477 573 529] [529 573 477] [477 529 573] 
  Box 993: [348 361 488] [361 488 348] [348 488 361] 
  Box 994: [635 865 989] [865 989 635] [635 989 865] 
  Box 995: [124 460 645] [124 645 460] [460 645 124] 
  Box 996: [34 465 581] [465 581 34] [34 581 465] 
  Box 997: [634 849 201] [201 849 634] [201 634 849] 
  Box 998: [595 697 123] [123 697 595] [123 595 697] 
  Box 999: [38 731 339] [38 339 731] [339 731 38] 
  Box 1000: [27 954 379] [379 954 27] [27 379 954] 
  Box 1001: [464 559 930] [464 930 559] [559 930 464] 
  Box 1002: [208 244 133] [133 244 208] [133 208 244] 
  Box 1003: [443 897 551] [551 897 443] [443 551 897] 
  Box 1004: [181 311 872] [311 872 181] [181 872 311] 
  Box 1005: [614 622 193] [193 614 622] [193 622 614] 
  Box 1006: [123 529 889] [123 889 529] [529 889 123] 
  Box 1007: [527 770 19] [19 770 527] [19 527 770] 
  Box 1008: [494 582 206] [206 582 494] [206 494 582] 
  Box 1009: [158 201 181] [158 181 201] [181 201 158] 
  Box 1010: [120 538 778] [120 778 538] [538 778 120] 
  Box 1011: [155 535 241] [241 535 155] [155 241 535] 
  Box 1012: [408 698 599] [408 599 698] [599 698 408] 
  Box 1013: [275 799 226] [226 799 275] [226 275 799] 
  Box 1014: [123 471 763] [123 763 471] [471 763 123] 
  Box 1015: [324 958 459] [324 459 958] [459 958 324] 
  Box 1016: [186 727 603] [603 727 186] [186 603 727] 
  Box 1017: [231 264 766] [231 766 264] [264 766 231] 
  Box 1018: [313 947 465] [313 465 947] [465 947 313] 
  Box 1019: [360 765 69] [69 765 360] [69 360 765] 
  Box 1020: [466 736 698] [698 736 466] [466 698 736] 
  Box 1021: [798 825 845] [798 845 825] [825 845 798] 
  Box 1022: [217 776 754] [217 754 776] [754 776 217] 
  Box 1023: [152 359 909] [152 909 359] [359 909 152] 
  Box 1024: [249 806 909] [806 909 249] [249 909 806] 
  Box 1025: [430 611 120] [120 430 611] [120 611 430] 
  Box 1026: [39 417 803] [417 803 39] [39 803 417] 
  Box 1027: [49 578 927] [49 927 578] [578 927 49] 
  Box 1028: [366 893 597] [366 597 893] [597 893 366] 
  Box 1029: [174 681 99] [99 681 174] [99 174 681] 
  Box 1030: [512 712 354] [354 512 712] [354 712 512] 
  Box 1031: [146 609 489] [489 609 146] [146 489 609] 
  Box 1032: [75 921 387] [387 921 75] [75 387 921] 
  Box 1033: [80 778 673] [80 673 778] [673 778 80] 
  Box 1034: [77 802 4] [4 802 77] [4 77 802] 
  Box 1035: [432 962 839] [839 962 432] [432 839 962] 
  Box 1036: [172 214 891] [214 891 172] [172 891 214] 
  Box 1037: [500 685 774] [500 774 685] [685 774 500] 
  Box 1038: [682 946 451] [451 682 946] [451 946 682] 
  Box 1039: [669 723 411] [411 723 669] [411 669 723] 
  Box 1040: [502 861 738] [502 738 861] [738 861 502] 
  Box 1041: [294 760 559] [294 559 760] [559 760 294] 
  Box 1042: [227 402 605] [402 605 227] [227 605 402] 
  Box 1043: [197 972 980] [197 980 972] [972 980 197] 
  Box 1044: [31 390 880] [31 880 390] [390 880 31] 
  Box 1045: [104 352 299] [104 299 352] [299 352 104] 
  Box 1046: [511 901 471] [471 901 511] [471 511 901] 
  Box 1047: [730 768 314] [314 730 768] [314 768 730] 
  Box 1048: [321 744 695] [695 744 321] [321 695 744] 
  Box 1049: [176 283 917] [283 917 176] [176 917 283] 
  Box 1050: [129 955 275] [275 955 129] [129 275 955] 
  Box 1051: [706 994 483] [483 994 706] [483 706 994] 
  Box 1052: [803 949 195] [195 803 949] [195 949 803] 
  Box 1053: [256 330 335] [256 335 330] [330 335 256] 
  Box 1054: [83 861 3] [3 83 861] [3 861 83] 
  Box 1055: [665 741 864] [665 864 741] [741 864 665] 
  Box 1056: [541 972 580] [541 580 972] [580 972 541] 
  Box 1057: [76 247 863] [76 863 247] [247 863 76] 
  Box 1058: [205 520 21] [21 520 205] [21 205 520] 
  Box 1059: [283 338 656] [338 656 283] [283 656 338] 
  Box 1060: [85 416 694] [416 694 85] [85 694 416] 
  Box 1061: [185 324 822] [324 822 185] [185 822 324] 
  Box 1062: [37 797 743] [37 743 797] [743 797 37] 
  Box 1063: [29 803 401] [401 803 29] [29 401 803] 
  Box 1064: [177 205 9] [9 205 177] [9 177 205] 
  Box 1065: [87 477 56] [56 87 477] [56 477 87] 
  Box 1066: [230 878 775] [775 878 230] [230 775 878] 
  Box 1067: [111 601 700] [601 700 111] [111 700 601] 
  Box 1068: [154 922 425] [154 425 922] [425 922 154] 
  Box 1069: [360 681 617] [360 617 681] [617 681 360] 
  Box 1070: [56 881 598] [598 881 56] [56 598 881] 
  Box 1071: [285 414 331] [285 331 414] [331 414 285] 
  Box 1072: [595 890 896] [890 896 595] [595 896 890] 
  Box 1073: [541 592 789] [592 789 541] [541 789 592] 
  Box 1074: [131 461 876] [131 876 461] [461 876 131] 
  Box 1075: [406 546 463] [463 546 406] [406 463 546] 
  Box 1076: [675 934 270] [270 934 675] [270 675 934] 
  Box 1077: [767 795 255] [255 795 767] [255 767 795] 
  Box 1078: [705 951 629] [629 705 951] [629 951 705] 
  Box 1079: [491 696 972] [491 972 696] [696 972 491] 
  Box 1080: [689 972 352] [352 689 972] [352 972 689] 
  Box 1081: [81 165 665] [81 665 165] [165 665 81] 
  Box 1082: [310 494 987] [310 987 494] [494 987 310] 
  Box 1083: [70 274 237] [237 274 70] [70 237 274] 
  Box 1084: [274 302 471] [274 471 302] [302 471 274] 
  Box 1085: [515 691 310] [310 515 691] [310 691 515] 
  Box 1086: [310 834 747] [747 834 310] [310 747 834] 
  Box 1087: [191 962 84] [84 962 191] [84 191 962] 
  Box 1088: [491 602 891] [491 891 602] [602 891 491] 
  Box 1089: [102 180 26] [26 180 102] [26 102 180] 
  Box 1090: [78 758 718] [78 718 758] [718 758 78] 
  Box 1091: [236 292 356] [236 356 292] [292 356 236] 
  Box 1092: [320 907 622] [622 907 320] [320 622 907] 
  Box 1093: [105 700 216] [105 216 700] [216 700 105] 
  Box 1094: [80 621 489] [80 489 621] [489 621 80] 
  Box 1095: [87 627 496] [496 627 87] [87 496 627] 
  Box 1096: [95 501 550] [95 550 501] [501 550 95] 
  Box 1097: [379 704 770] [704 770 379] [379 770 704] 
  Box 1098: [193 427 633] [427 633 193] [193 633 427] 
  Box 1099: [477 526 822] [526 822 477] [477 822 526] 
  Box 1100: [634 938 448] [448 938 634] [448 634 938] 
  Box 1101: [645 673 985] [673 985 645] [645 985 673] 
  Box 1102: [390 554 309] [309 390 554] [309 554 390] 
  Box 1103: [345 851 541] [541 851 345] [345 541 851] 
  Box 1104: [855 925 582] [582 855 925] [582 925 855] 
  Box 1105: [668 970 395] [395 668 970] [395 970 668] 
  Box 1106: [485 794 280] [280 794 485] [280 485 794] 
  Box 1107: [64 374 231] [64 231 374] [231 374 64] 
  Box 1108: [419 610 458] [419 458 610] [458 610 419] 
  Box 1109: [593 992 501] [501 992 593] [501 593 992] 
  Box 1110: [798 900 619] [619 798 900] [619 900 798] 
  Box 1111: [453 695 618] [618 695 453] [453 618 695] 
  Box 1112: [44 335 808] [44 808 335] [335 808 44] 
  Box 1113: [182 862 956] [862 956 182] [182 956 862] 
  Box 1114: [200 501 397] [397 501 200] [200 397 501] 
  Box 1115: [389 768 689] [689 768 389] [389 689 768] 
  Box 1116: [510 597 884] [510 884 597] [597 884 510] 
  Box 1117: [241 741 146] [146 241 741] [146 741 241] 
  Box 1118: [215 593 511] [215 511 593] [511 593 215] 
  Box 1119: [652 845 225] [225 652 845] [225 845 652] 
  Box 1120: [191 667 666] [191 666 667] [666 667 191] 
  Box 1121: [52 685 114] [52 114 685] [114 685 52] 
  Box 1122: [343 987 670] [343 670 987] [670 987 343] 
  Box 1123: [239 685 296] [296 685 239] [239 296 685] 
  Box 1124: [630 974 779] [630 779 974] [779 974 630] 
  Box 1125: [334 410 555] [410 555 334] [334 555 410] 
  Box 1126: [367 397 729] [397 729 367] [367 729 397] 
  Box 1127: [440 924 646] [440 646 924] [646 924 440] 
  Box 1128: [219 592 155] [155 219 592] [155 592 219] 
  Box 1129: [79 469 50] [50 469 79] [50 79 469] 
  Box 1130: [163 570 579] [570 579 163] [163 579 570] 
  Box 1131: [479 580 782] [580 782 479] [479 782 580] 
  Box 1132: [244 791 96] [96 791 244] [96 244 791] 
  Box 1133: [95 429 52] [52 95 429] [52 429 95] 
  Box 1134: [247 428 385] [247 385 428] [385 428 247] 
  Box 1135: [325 525 825] [325 825 525] [525 825 325] 
  Box 1136: [369 981 213] [213 981 369] [213 369 981] 
  Box 1137: [359 763 253] [253 763 359] [253 359 763] 
  Box 1138: [486 745 504] [504 745 486] [486 504 745] 
  Box 1139: [210 803 996] [210 996 803] [803 996 210] 
  Box 1140: [523 679 28] [28 679 523] [28 523 679] 
  Box 1141: [46 380 189] [189 380 46] [46 189 380] 
  Box 1142: [212 897 160] [160 212 897] [160 897 212] 
  Box 1143: [895 908 566] [566 908 895] [566 895 908] 
  Box 1144: [113 875 190] [190 875 113] [113 190 875] 
  Box 1145: [495 521 892] [521 892 495] [495 892 521] 
  Box 1146: [459 792 49] [49 459 792] [49 792 459] 
  Box 1147: [283 917 521] [521 917 283] [283 521 917] 
  Box 1148: [292 369 929] [369 929 292] [292 929 369] 
  Box 1149: [257 665 447] [447 665 257] [257 447 665] 
  Box 1150: [775 853 307] [307 775 853] [307 853 775] 
  Box 1151: [1 164 431] [1 431 164] [164 431 1] 
  Box 1152: [4 525 946] [525 946 4] [4 946 525] 
  Box 1153: [134 890 100] [100 890 134] [100 134 890] 
  Box 1154: [279 707 185] [185 279 707] [185 707 279] 
  Box 1155: [338 765 92] [92 338 765] [92 765 338] 
  Box 1156: [439 914 590] [590 914 439] [439 590 914] 
  Box 1157: [2 633 652] [633 652 2] [2 652 633] 
  Box 1158: [16 375 254] [16 254 375] [254 375 16] 
  Box 1159: [108 623 879] [623 879 108] [108 879 623] 
  Box 1160: [116 314 104] [104 314 116] [104 116 314] 
  Box 1161: [345 822 144] [144 822 345] [144 345 822] 
  Box 1162: [913 958 533] [533 913 958] [533 958 913] 
  Box 1163: [226 330 118] [118 330 226] [118 226 330] 
  Box 1164: [594 699 792] [699 792 594] [594 792 699] 
  Box 1165: [658 771 784] [658 784 771] [771 784 658] 
  Box 1166: [183 677 662] [183 662 677] [662 677 183] 
  Box 1167: [184 975 725] [184 725 975] [725 975 184] 
  Box 1168: [412 695 495] [412 495 695] [495 695 412] 
  Box 1169: [283 991 623] [623 991 283] [283 623 991] 
  Box 1170: [395 651 730] [395 730 651] [651 730 395] 
  Box 1171: [584 732 957] [732 957 584] [584 957 732] 
  Box 1172: [16 180 15] [15 16 180] [15 180 16] 
  Box 1173: [649 653 125] [125 649 653] [125 653 649] 
  Box 1174: [642 775 752] [642 752 775] [752 775 642] 
  Box 1175: [238 944 959] [238 959 944] [944 959 238] 
  Box 1176: [138 373 36] [36 373 138] [36 138 373] 
  Box 1177: [80 641 727] [641 727 80] [80 727 641] 
  Box 1178: [364 365 731] [364 731 365] [365 731 364] 
  Box 1179: [9 634 618] [618 634 9] [9 618 634] 
  Box 1180: [509 617 887] [509 887 617] [617 887 509] 
  Box 1181: [34 150 721] [34 721 150] [150 721 34] 
  Box 1182: [115 460 293] [115 293 460] [293 460 115] 
  Box 1183: [863 905 993] [905 993 863] [863 993 905] 
  Box 1184: [309 535 980] [309 980 535] [535 980 309] 
  Box 1185: [25 618 326] [25 326 618] [326 618 25] 
  Box 1186: [59 830 402] [59 402 830] [402 830 59] 
  Box 1187: [349 673 491] [491 673 349] [349 491 673] 
  Box 1188: [232 257 74] [74 257 232] [74 232 257] 
  Box 1189: [138 833 727] [138 727 833] [727 833 138] 
  Box 1190: [447 730 456] [447 456 730] [456 730 447] 
  Box 1191: [504 853 459] [459 853 504] [459 504 853] 
  Box 1192: [192 776 461] [192 461 776] [461 776 192] 
  Box 1193: [806 985 791] [791 806 985] [791 985 806] 
  Box 1194: [411 759 110] [110 759 411] [110 411 759] 
  Box 1195: [578 803 162] [162 803 578] [162 578 803] 
  Box 1196: [717 773 536] [536 773 717] [536 717 773] 
  Box 1197: [125 262 752] [125 752 262] [262 752 125] 
  Box 1198: [629 708 989] [629 989 708] [708 989 629] 
  Box 1199: [166 802 439] [439 802 166] [166 439 802] 
  Box 1200: [418 426 784] [418 784 426] [426 784 418] 
  Box 1201: [438 821 312] [312 821 438] [312 438 821] 
  Box 1202: [192 342 158] [158 192 342] [158 342 192] 
  Box 1203: [208 749 635] [635 749 208] [208 635 749] 
  Box 1204: [105 967 200] [105 200 967] [200 967 105] 
  Box 1205: [255 789 946] [255 946 789] [789 946 255] 
  Box 1206: [138 756 114] [114 138 756] [114 756 138] 
  Box 1207: [45 216 157] [157 216 45] [45 157 216] 
  Box 1208: [208 557 535] [208 535 557] [535 557 208] 
  Box 1209: [119 887 630] [630 887 119] [119 630 887] 
  Box 1210: [815 983 845] [845 983 815] [815 845 983] 
  Box 1211: [447 717 271] [271 717 447] [271 447 717] 
  Box 1212: [261 758 905] [758 905 261] [261 905 758] 
  Box 1213: [689 914 722] [722 914 689] [689 722 914] 
  Box 1214: [270 285 479] [285 479 270] [270 479 285] 
  Box 1215: [137 548 379] [137 379 548] [379 548 137] 
  Box 1216: [89 512 709] [512 709 89] [89 709 512] 
  Box 1217: [114 398 625] [398 625 114] [114 625 398] 
  Box 1218: [252 991 866] [866 991 252] [252 866 991] 
  Box 1219: [577 869 241] [241 869 577] [241 577 869] 
  Box 1220: [817 983 16] [16 817 983] [16 983 817] 
  Box 1221: [183 609 766] [183 766 609] [609 766 183] 
  Box 1222: [179 742 921] [742 921 179] [179 921 742] 
  Box 1223: [528 870 337] [337 528 870] [337 870 528] 
  Box 1224: [253 461 504] [253 504 461] [461 504 253] 
  Box 1225: [731 765 661] [661 765 731] [661 731 765] 
  Box 1226: [720 931 677] [677 931 720] [677 720 931] 
  Box 1227: [727 972 834] [834 972 727] [727 834 972] 
  Box 1228: [99 144 884] [99 884 144] [144 884 99] 
  Box 1229: [442 886 678] [678 886 442] [442 678 886] 
  Box 1230: [77 959 72] [72 959 77] [72 77 959] 
  Box 1231: [718 903 921] [903 921 718] [718 921 903] 
  Box 1232: [151 705 989] [705 989 151] [151 989 705] 
  Box 1233: [74 813 56] [56 813 74] [56 74 813] 
  Box 1234: [397 708 795] [708 795 397] [397 795 708] 
  Box 1235: [160 429 875] [160 875 429] [429 875 160] 
  Box 1236: [492 944 808] [808 944 492] [492 808 944] 
  Box 1237: [713 801 201] [201 713 801] [201 801 713] 
  Box 1238: [823 937 426] [426 823 937] [426 937 823] 
  Box 1239: [45 793 803] [793 803 45] [45 803 793] 
  Box 1240: [154 730 285] [154 285 730] [285 730 154] 
  Box 1241: [544 562 745] [562 745 544] [544 745 562] 
  Box 1242: [101 492 309] [309 492 101] [101 309 492] 
  Box 1243: [762 941 21] [21 762 941] [21 941 762] 
  Box 1244: [674 805 277] [277 805 674] [277 674 805] 
  Box 1245: [429 889 177] [177 429 889] [177 889 429] 
  Box 1246: [44 314 550] [314 550 44] [44 550 314] 
  Box 1247: [370 651 720] [651 720 370] [370 720 651] 
  Box 1248: [175 902 204] [175 204 902] [204 902 175] 
  Box 1249: [27 884 785] [785 884 27] [27 785 884] 
  Box 1250: [32 590 705] [590 705 32] [32 705 590] 
  Box 1251: [61 137 103] [61 103 137] [103 137 61] 
  Box 1252: [678 961 58] [58 961 678] [58 678 961] 
  Box 1253: [371 522 666] [371 666 522] [522 666 371] 
  Box 1254: [390 463 577] [390 577 463] [463 577 390] 
  Box 1255: [361 965 257] [257 965 361] [257 361 965] 
  Box 1256: [395 824 236] [236 395 824] [236 824 395] 
  Box 1257: [66 575 631] [575 631 66] [66 631 575] 
  Box 1258: [779 978 266] [266 978 779] [266 779 978] 
  Box 1259: [27 964 205] [27 205 964] [205 964 27] 
  Box 1260: [558 602 766] [558 766 602] [602 766 558] 
  Box 1261: [40 769 886] [40 886 769] [769 886 40] 
  Box 1262: [75 618 514] [75 514 618] [514 618 75] 
  Box 1263: [419 519 927] [419 927 519] [519 927 419] 
  Box 1264: [241 301 539] [301 539 241] [241 539 301] 
  Box 1265: [322 996 518] [322 518 996] [518 996 322] 
  Box 1266: [491 602 173] [173 602 491] [173 491 602] 
  Box 1267: [353 396 40] [40 353 396] [40 396 353] 
  Box 1268: [136 766 116] [116 766 136] [116 136 766] 
  Box 1269: [414 513 339] [339 513 414] [339 414 513] 
  Box 1270: [82 108 199] [82 199 108] [108 199 82] 
  Box 1271: [401 432 812] [401 812 432] [432 812 401] 
  Box 1272: [596 732 535] [535 596 732] [535 732 596] 
  Box 1273: [427 749 789] [749 789 427] [427 789 749] 
  Box 1274: [464 985 93] [93 464 985] [93 985 464] 
  Box 1275: [413 951 562] [562 951 413] [413 562 951] 
  Box 1276: [635 996 670] [635 670 996] [670 996 635] 
  Box 1277: [449 626 231] [231 626 449] [231 449 626] 
  Box 1278: [654 719 80] [80 654 719] [80 719 654] 
  Box 1279: [742 963 985] [963 985 742] [742 985 963] 
  Box 1280: [936 973 946] [946 973 936] [936 946 973] 
  Box 1281: [260 862 702] [260 702 862] [702 862 260] 
  Box 1282: [555 787 748] [748 787 555] [555 748 787] 
  Box 1283: [142 760 68] [68 142 760] [68 760 142] 
  Box 1284: [104 623 686] [104 686 623] [623 686 104] 
  Box 1285: [462 703 162] [162 462 703] [162 703 462] 
  Box 1286: [538 543 221] [221 543 538] [221 538 543] 
  Box 1287: [311 801 710] [311 710 801] [710 801 311] 
  Box 1288: [193 588 841] [193 841 588] [588 841 193] 
  Box 1289: [469 604 703] [469 703 604] [604 703 469] 
  Box 1290: [455 869 942] [455 942 869] [869 942 455] 
  Box 1291: [149 256 67] [67 149 256] [67 256 149] 
  Box 1292: [468 900 67] [67 468 900] [67 900 468] 
  Box 1293: [30 762 435] [30 435 762] [435 762 30] 
  Box 1294: [299 726 550] [299 550 726] [550 726 299] 
  Box 1295: [267 282 819] [282 819 267] [267 819 282] 
  Box 1296: [191 778 828] [778 828 191] [191 828 778] 
  Box 1297: [490 495 861] [495 861 490] [490 861 495] 
  Box 1298: [346 795 721] [346 721 795] [721 795 346] 
  Box 1299: [247 528 874] [528 874 247] [247 874 528] 
  Box 1300: [194 936 231] [194 231 936] [231 936 194] 
  Box 1301: [790 854 881] [854 881 790] [790 881 854] 
  Box 1302: [612 751 491] [491 751 612] [491 612 751] 
  Box 1303: [145 699 359] [145 359 699] [359 699 145] 
  Box 1304: [668 909 767] [767 909 668] [668 767 909] 
  Box 1305: [80 458 354] [354 458 80] [80 354 458] 
  Box 1306: [406 703 241] [241 703 406] [241 406 703] 
  Box 1307: [168 705 626] [168 626 705] [626 705 168] 
  Box 1308: [527 726 415] [415 726 527] [415 527 726] 
  Box 1309: [147 559 367] [367 559 147] [147 367 559] 
  Box 1310: [319 922 850] [319 850 922] [850 922 319] 
  Box 1311: [187 319 864] [319 864 187] [187 864 319] 
  Box 1312: [402 657 254] [254 402 657] [254 657 402] 
  Box 1313: [92 192 724] [192 724 92] [92 724 192] 
  Box 1314: [317 556 526] [526 556 317] [317 526 556] 
  Box 1315: [166 891 867] [166 867 891] [867 891 166] 
  Box 1316: [258 991 710] [710 991 258] [258 710 991] 
  Box 1317: [53 863 85] [85 863 53] [53 85 863] 
  Box 1318: [408 898 914] [408 914 898] [898 914 408] 
  Box 1319: [758 964 618] [618 964 758] [618 758 964] 
  Box 1320: [159 405 632] [159 632 405] [405 632 159] 
  Box 1321: [765 830 636] [636 830 765] [636 765 830] 
  Box 1322: [289 499 646] [499 646 289] [289 646 499] 
  Box 1323: [141 530 780] [530 780 141] [141 780 530] 
  Box 1324: [342 643 499] [499 643 342] [342 499 643] 
  Box 1325: [17 685 109] [17 109 685] [109 685 17] 
  Box 1326: [496 576 39] [39 496 576] [39 576 496] 
  Box 1327: [519 924 816] [519 816 924] [816 924 519] 
  Box 1328: [421 717 549] [549 717 421] [421 549 717] 
  Box 1329: [88 562 836] [562 836 88] [88 836 562] 
  Box 1330: [14 161 455] [14 455 161] [161 455 14] 
  Box 1331: [250 329 10] [10 329 250] [10 250 329] 
  Box 1332: [432 619 114] [114 432 619] [114 619 432] 
  Box 1333: [273 930 872] [273 872 930] [872 930 273] 
  Box 1334: [845 936 653] [653 845 936] [653 936 845] 
  Box 1335: [17 334 462] [17 462 334] [334 462 17] 
  Box 1336: [256 365 200] [200 365 256] [200 256 365] 
  Box 1337: [213 956 965] [956 965 213] [213 965 956] 
  Box 1338: [160 213 298] [160 298 213] [213 298 160] 
  Box 1339: [431 534 126] [126 534 431] [126 431 534] 
  Box 1340: [11 769 48] [11 48 769] [48 769 11] 
  Box 1341: [559 964 400] [400 559 964] [400 964 559] 
  Box 1342: [192 428 599] [428 599 192] [192 599 428] 
  Box 1343: [336 624 837] [336 837 624] [624 837 336] 
  Box 1344: [72 932 403] [403 932 72] [72 403 932] 
  Box 1345: [214 555 571] [214 571 555] [555 571 214] 
  Box 1346: [365 680 664] [664 680 365] [365 664 680] 
  Box 1347: [474 899 403] [403 899 474] [403 474 899] 
  Box 1348: [732 809 290] [290 809 732] [290 732 809] 
  Box 1349: [418 997 281] [281 997 418] [281 418 997] 
  Box 1350: [814 902 253] [253 814 902] [253 902 814] 
  Box 1351: [369 529 356] [356 369 529] [356 529 369] 
  Box 1352: [117 867 539] [539 867 117] [117 539 867] 
  Box 1353: [280 662 231] [231 662 280] [231 280 662] 
  Box 1354: [353 424 152] [152 424 353] [152 353 424] 
  Box 1355: [786 850 6] [6 850 786] [6 786 850] 
  Box 1356: [265 598 248] [248 265 598] [248 598 265] 
  Box 1357: [161 416 797] [161 797 416] [416 797 161] 
  Box 1358: [336 549 381] [336 381 549] [381 549 336] 
  Box 1359: [5 218 846] [5 846 218] [218 846 5] 
  Box 1360: [306 876 343] [343 876 306] [306 343 876] 
  Box 1361: [133 365 354] [354 365 133] [133 354 365] 
  Box 1362: [55 92 533] [92 533 55] [55 533 92] 
  Box 1363: [81 272 653] [81 653 272] [272 653 81] 
  Box 1364: [68 444 109] [109 444 68] [68 109 444] 
  Box 1365: [401 473 470] [401 470 473] [470 473 401] 
  Box 1366: [257 812 44] [44 257 812] [44 812 257] 
  Box 1367: [155 520 475] [155 475 520] [475 520 155] 
  Box 1368: [295 821 923] [821 923 295] [295 923 821] 
  Box 1369: [125 393 585] [393 585 125] [125 585 393] 
  Box 1370: [402 819 405] [402 405 819] [405 819 402] 
  Box 1371: [787 885 72] [72 885 787] [72 787 885] 
  Box 1372: [40 511 142] [142 511 40] [40 142 511] 
  Box 1373: [445 562 578] [445 578 562] [562 578 445] 
  Box 1374: [454 734 793] [454 793 734] [734 793 454] 
  Box 1375: [309 661 885] [309 885 661] [661 885 309] 
  Box 1376: [302 517 667] [517 667 302] [302 667 517] 
  Box 1377: [411 814 550] [550 814 411] [411 550 814] 
  Box 1378: [368 784 207] [207 368 784] [207 784 368] 
  Box 1379: [49 501 165] [165 501 49] [49 165 501] 
  Box 1380: [116 899 894] [894 899 116] [116 894 899] 
  Box 1381: [334 640 459] [334 459 640] [459 640 334] 
  Box 1382: [358 490 993] [358 993 490] [490 993 358] 
  Box 1383: [115 169 23] [23 115 169] [23 169 115] 
  Box 1384: [174 902 822] [822 902 174] [174 822 902] 
  Box 1385: [727 794 283] [283 727 794] [283 794 727] 
  Box 1386: [137 664 263] [263 664 137] [137 263 664] 
  Box 1387: [249 437 181] [181 437 249] [181 249 437] 
  Box 1388: [397 878 724] [724 878 397] [397 724 878] 
  Box 1389: [140 435 320] [140 320 435] [320 435 140] 
  Box 1390: [413 538 20] [20 413 538] [20 538 413] 
  Box 1391: [162 343 942] [343 942 162] [162 942 343] 
  Box 1392: [118 904 233] [118 233 904] [233 904 118] 
  Box 1393: [556 595 46] [46 556 595] [46 595 556] 
  Box 1394: [180 618 173] [173 618 180] [173 180 618] 
  Box 1395: [160 426 972] [426 972 160] [160 972 426] 
  Box 1396: [14 353 45] [45 353 14] [14 45 353] 
  Box 1397: [196 498 680] [196 680 498] [498 680 196] 
  Box 1398: [272 861 48] [48 861 272] [48 272 861] 
  Box 1399: [630 846 479] [479 846 630] [479 630 846] 
  Box 1400: [294 343 794] [294 794 343] [343 794 294] 
  Box 1401: [135 250 236] [135 236 250] [236 250 135] 
  Box 1402: [42 681 708] [42 708 681] [681 708 42] 
  Box 1403: [31 521 674] [31 674 521] [521 674 31] 
  Box 1404: [658 827 544] [544 658 827] [544 827 658] 
  Box 1405: [550 724 648] [550 648 724] [648 724 550] 
  Box 1406: [526 733 6] [6 733 526] [6 526 733] 
  Box 1407: [453 590 789] [453 789 590] [590 789 453] 
  Box 1408: [207 455 770] [207 770 455] [455 770 207] 
  Box 1409: [56 453 178] [56 178 453] [178 453 56] 
  Box 1410: [347 912 772] [772 912 347] [347 772 912] 
  Box 1411: [316 779 366] [366 779 316] [316 366 779] 
  Box 1412: [600 762 258] [258 600 762] [258 762 600] 
  Box 1413: [14 111 994] [111 994 14] [14 994 111] 
  Box 1414: [210 615 60] [60 615 210] [60 210 615] 
  Box 1415: [180 1000 383] [383 1000 180] [180 383 1000] 
  Box 1416: [576 736 151] [151 576 736] [151 736 576] 
  Box 1417: [132 146 780] [132 780 146] [146 780 132] 
  Box 1418: [21 519 825] [21 825 519] [519 825 21] 
  Box 1419: [427 698 566] [427 566 698] [566 698 427] 
  Box 1420: [22 652 176] [22 176 652] [176 652 22] 
  Box 1421: [81 739 445] [445 739 81] [81 445 739] 
  Box 1422: [451 701 317] [317 451 701] [317 701 451] 
  Box 1423: [132 451 409] [409 451 132] [132 409 451] 
  Box 1424: [356 835 805] [805 835 356] [356 805 835] 
  Box 1425: [383 557 899] [557 899 383] [383 899 557] 
  Box 1426: [304 580 31] [31 580 304] [31 304 580] 
  Box 1427: [42 567 309] [42 309 567] [309 567 42] 
  Box 1428: [398 809 356] [356 809 398] [356 398 809] 
  Box 1429: [374 829 168] [168 374 829] [168 829 374] 
  Box 1430: [62 514 7] [7 62 514] [7 514 62] 
  Box 1431: [197 544 286] [197 286 544] [286 544 197] 
  Box 1432: [3 687 909] [687 909 3] [3 909 687] 
  Box 1433: [621 860 260] [260 860 621] [260 621 860] 
  Box 1434: [725 739 614] [614 725 739] [614 739 725] 
  Box 1435: [413 622 798] [413 798 622] [622 798 413] 
  Box 1436: [4 183 4] [4 4 183] 
  Box 1437: [645 909 333] [333 909 645] [333 645 909] 
  Box 1438: [555 701 424] [424 555 701] [424 701 555] 
  Box 1439: [65 546 525] [525 546 65] [65 525 546] 
  Box 1440: [57 755 631] [57 631 755] [631 755 57] 
  Box 1441: [604 953 931] [931 953 604] [604 931 953] 
  Box 1442: [788 868 49] [49 788 868] [49 868 788] 
  Box 1443: [336 635 185] [185 635 336] [185 336 635] 
  Box 1444: [195 326 745] [195 745 326] [326 745 195] 
  Box 1445: [321 966 131] [131 966 321] [131 321 966] 
  Box 1446: [158 776 220] [220 776 158] [158 220 776] 
  Box 1447: [71 768 188] [188 768 71] [71 188 768] 
  Box 1448: [421 988 380] [380 421 988] [380 988 421] 
  Box 1449: [152 550 343] [152 343 550] [343 550 152] 
  Box 1450: [91 920 717] [91 717 920] [717 920 91] 
  Box 1451: [501 988 926] [926 988 501] [501 926 988] 
  Box 1452: [527 984 787] [787 984 527] [527 787 984] 
  Box 1453: [122 125 435] [122 435 125] [125 435 122] 
  Box 1454: [243 863 384] [243 384 863] [384 863 243] 
  Box 1455: [201 940 477] [201 477 940] [477 940 201] 
  Box 1456: [149 770 737] [149 737 770] [737 770 149] 
  Box 1457: [777 960 774] [774 777 960] [774 960 777] 
  Box 1458: [201 845 293] [201 293 845] [293 845 201] 
  Box 1459: [524 824 269] [269 824 524] [269 524 824] 
  Box 1460: [594 659 49] [49 594 659] [49 659 594] 
  Box 1461: [101 346 289] [289 346 101] [101 289 346] 
  Box 1462: [588 984 32] [32 984 588] [32 588 984] 
  Box 1463: [291 424 636] [424 636 291] [291 636 424] 
  Box 1464: [110 446 475] [110 475 446] [446 475 110] 
  Box 1465: [385 711 191] [191 385 711] [191 711 385] 
  Box 1466: [127 806 841] [806 841 127] [127 841 806] 
  Box 1467: [122 279 346] [122 346 279] [279 346 122] 
  Box 1468: [234 304 467] [234 467 304] [304 467 234] 
  Box 1469: [91 104 684] [104 684 91] [91 684 104] 
  Box 1470: [135 585 434] [434 585 135] [135 434 585] 
  Box 1471: [861 942 852] [852 942 861] [852 861 942] 
  Box 1472: [275 774 787] [774 787 275] [275 787 774] 
  Box 1473: [44 570 61] [44 61 570] [61 570 44] 
  Box 1474: [127 251 5] [5 127 251] [5 251 127] 
  Box 1475: [740 877 635] [635 877 740] [635 740 877] 
  Box 1476: [357 418 217] [217 418 357] [217 357 418] 
  Box 1477: [12 242 93] [93 242 12] [12 93 242] 
  Box 1478: [521 562 785] [562 785 521] [521 785 562] 
  Box 1479: [14 859 813] [14 813 859] [813 859 14] 
  Box 1480: [474 951 127] [127 951 474] [127 474 951] 
  Box 1481: [116 774 522] [116 522 774] [522 774 116] 
  Box 1482: [408 508 63] [63 408 508] [63 508 408] 
  Box 1483: [110 523 540] [523 540 110] [110 540 523] 
  Box 1484: [169 460 746] [169 746 460] [460 746 169] 
  Box 1485: [45 490 935] [45 935 490] [490 935 45] 
  Box 1486: [65 776 680] [65 680 776] [680 776 65] 
  Box 1487: [422 549 616] [422 616 549] [549 616 422] 
  Box 1488: [16 294 894] [16 894 294] [294 894 16] 
  Box 1489: [298 994 761] [761 994 298] [298 761 994] 
  Box 1490: [85 176 982] [85 982 176] [176 982 85] 
  Box 1491: [194 329 609] [194 609 329] [329 609 194] 
  Box 1492: [121 982 180] [121 180 982] [180 982 121] 
  Box 1493: [542 816 769] [542 769 816] [769 816 542] 
  Box 1494: [490 920 877] [877 920 490] [490 877 920] 
  Box 1495: [622 873 495] [495 622 873] [495 873 622] 
  Box 1496: [123 384 507] [384 507 123] [123 507 384] 
  Box 1497: [113 756 339] [339 756 113] [113 339 756] 
  Box 1498: [446 457 205] [205 446 457] [205 457 446] 
  Box 1499: [324 803 242] [242 803 324] [242 324 803] 
  Box 1500: [9 150 137] [137 150 9] [9 137 150] 
  Box 1501: [86 560 136] [86 136 560] [136 560 86] 
  Box 1502: [196 970 81] [81 196 970] [81 970 196] 
  Box 1503: [440 947 32] [32 440 947] [32 947 440] 
  Box 1504: [9 119 486] [9 486 119] [119 486 9] 
  Box 1505: [33 492 864] [33 864 492] [492 864 33] 
  Box 1506: [471 961 427] [427 471 961] [427 961 471] 
  Box 1507: [480 705 640] [640 705 480] [480 640 705] 
  Box 1508: [66 518 96] [96 518 66] [66 96 518] 
  Box 1509: [269 975 960] [960 975 269] [269 960 975] 
  Box 1510: [23 321 29] [23 29 321] [29 321 23] 
  Box 1511: [387 562 302] [302 387 562] [302 562 387] 
  Box 1512: [365 693 171] [171 365 693] [171 693 365] 
  Box 1513: [974 993 872] [872 993 974] [872 974 993] 
  Box 1514: [100 284 743] [284 743 100] [100 743 284] 
  Box 1515: [386 896 976] [896 976 386] [386 976 896] 
  Box 1516: [374 501 880] [501 880 374] [374 880 501] 
  Box 1517: [263 386 880] [263 880 386] [386 880 263] 
  Box 1518: [480 592 724] [480 724 592] [592 724 480] 
  Box 1519: [243 700 797] [243 797 700] [700 797 243] 
  Box 1520: [67 744 941] [744 941 67] [67 941 744] 
  Box 1521: [353 361 203] [203 353 361] [203 361 353] 
  Box 1522: [142 583 497] [497 583 142] [142 497 583] 
  Box 1523: [388 418 222] [222 418 388] [222 388 418] 
  Box 1524: [805 858 419] [419 858 805] [419 805 858] 
  Box 1525: [300 418 291] [291 300 418] [291 418 300] 
  Box 1526: [314 806 282] [282 314 806] [282 806 314] 
  Box 1527: [663 703 233] [233 703 663] [233 663 703] 
  Box 1528: [7 487 303] [7 303 487] [303 487 7] 
  Box 1529: [99 164 582] [99 582 164] [164 582 99] 
  Box 1530: [98 366 124] [98 124 366] [124 366 98] 
  Box 1531: [417 738 395] [395 417 738] [395 738 417] 
  Box 1532: [426 987 39] [39 426 987] [39 987 426] 
  Box 1533: [214 522 157] [157 522 214] [157 214 522] 
  Box 1534: [52 78 86] [78 86 52] [52 86 78] 
  Box 1535: [77 177 794] [77 794 177] [177 794 77] 
  Box 1536: [47 433 152] [47 152 433] [152 433 47] 
  Box 1537: [186 813 312] [312 813 186] [186 312 813] 
  Box 1538: [328 714 66] [66 328 714] [66 714 328] 
  Box 1539: [509 918 438] [438 918 509] [438 509 918] 
  Box 1540: [247 548 306] [306 548 247] [247 306 548] 
  Box 1541: [931 997 188] [188 931 997] [188 997 931] 
  Box 1542: [552 913 200] [200 552 913] [200 913 552] 
  Box 1543: [133 992 409] [409 992 133] [133 409 992] 
  Box 1544: [160 773 355] [355 773 160] [160 355 773] 
  Box 1545: [241 437 579] [437 579 241] [241 579 437] 
  Box 1546: [249 831 532] [532 831 249] [249 532 831] 
  Box 1547: [650 844 530] [530 844 650] [530 650 844] 
  Box 1548: [247 584 882] [584 882 247] [247 882 584] 
  Box 1549: [43 556 549] [549 556 43] [43 549 556] 
  Box 1550: [723 887 624] [624 723 887] [624 887 723] 
  Box 1551: [108 473 10] [10 108 473] [10 473 108] 
  Box 1552: [22 284 868] [284 868 22] [22 868 284] 
  Box 1553: [472 486 61] [61 486 472] [61 472 486] 
  Box 1554: [150 364 629] [150 629 364] [364 629 150] 
  Box 1555: [527 578 449] [449 527 578] [449 578 527] 
  Box 1556: [448 624 371] [371 448 624] [371 624 448] 
  Box 1557: [255 823 776] [776 823 255] [255 776 823] 
  Box 1558: [380 566 567] [380 567 566] [566 567 380] 
  Box 1559: [672 959 631] [631 959 672] [631 672 959] 
  Box 1560: [26 535 109] [26 109 535] [109 535 26] 
  Box 1561: [388 635 841] [388 841 635] [635 841 388] 
  Box 1562: [750 753 823] [753 823 750] [750 823 753] 
  Box 1563: [413 501 949] [501 949 413] [413 949 501] 
  Box 1564: [813 946 822] [813 822 946] [822 946 813] 
  Box 1565: [72 232 300] [72 300 232] [232 300 72] 
  Box 1566: [246 487 810] [246 810 487] [487 810 246] 
  Box 1567: [97 849 19] [19 849 97] [19 97 849] 
  Box 1568: [119 470 627] [470 627 119] [119 627 470] 
  Box 1569: [585 831 1] [1 585 831] [1 831 585] 
  Box 1570: [936 978 380] [380 936 978] [380 978 936] 
  Box 1571: [210 324 602] [324 602 210] [210 602 324] 
  Box 1572: [327 800 220] [220 327 800] [220 800 327] 
  Box 1573: [951 972 667] [667 951 972] [667 972 951] 
  Box 1574: [517 989 32] [32 517 989] [32 989 517] 
  Box 1575: [131 768 618] [618 768 131] [131 618 768] 
  Box 1576: [106 683 580] [106 580 683] [580 683 106] 
  Box 1577: [125 501 54] [54 501 125] [54 125 501] 
  Box 1578: [722 977 900] [722 900 977] [900 977 722] 
  Box 1579: [487 922 543] [543 922 487] [487 543 922] 
  Box 1580: [76 747 117] [76 117 747] [117 747 76] 
  Box 1581: [417 882 856] [856 882 417] [417 856 882] 
  Box 1582: [279 645 257] [257 645 279] [257 279 645] 
  Box 1583: [603 854 102] [102 854 603] [102 603 854] 
  Box 1584: [52 465 552] [52 552 465] [465 552 52] 
  Box 1585: [45 100 287] [100 287 45] [45 287 100] 
  Box 1586: [417 648 345] [345 417 648] [345 648 417] 
  Box 1587: [191 704 458] [458 704 191] [191 458 704] 
  Box 1588: [57 154 209] [57 209 154] [154 209 57] 
  Box 1589: [250 368 780] [250 780 368] [368 780 250] 
  Box 1590: [783 952 368] [368 952 783] [368 783 952] 
  Box 1591: [75 98 163] [98 163 75] [75 163 98] 
  Box 1592: [210 1000 677] [677 1000 210] [210 677 1000] 
  Box 1593: [555 756 430] [430 756 555] [430 555 756] 
  Box 1594: [144 173 222] [173 222 144] [144 222 173] 
  Box 1595: [682 693 176] [176 693 682] [176 682 693] 
  Box 1596: [66 196 299] [66 299 196] [196 299 66] 
  Box 1597: [563 881 776] [776 881 563] [563 776 881] 
  Box 1598: [117 242 617] [117 617 242] [242 617 117] 
  Box 1599: [839 863 141] [141 863 839] [141 839 863] 
  Box 1600: [303 789 381] [303 381 789] [381 789 303] 
  Box 1601: [728 981 906] [906 981 728] [728 906 981] 
  Box 1602: [465 881 584] [465 584 881] [584 881 465] 
  Box 1603: [60 782 137] [137 782 60] [60 137 782] 
  Box 1604: [15 618 162] [15 162 618] [162 618 15] 
  Box 1605: [220 685 169] [169 220 685] [169 685 220] 
  Box 1606: [70 115 971] [70 971 115] [115 971 70] 
  Box 1607: [523 875 459] [459 875 523] [459 523 875] 
  Box 1608: [684 874 980] [684 980 874] [874 980 684] 
  Box 1609: [139 292 82] [82 139 292] [82 292 139] 
  Box 1610: [321 689 72] [72 321 689] [72 689 321] 
  Box 1611: [9 791 57] [9 57 791] [57 791 9] 
  Box 1612: [51 125 953] [51 953 125] [125 953 51] 
  Box 1613: [11 801 802] [801 802 11] [11 802 801] 
  Box 1614: [1 10 3] [1 3 10] [3 10 1] 
  Box 1615: [2 10 4] [2 4 10] [4 10 2] 
  Box 1616: [3 10 6] [6 10 3] [3 6 10] 
  Box 1617: [9 9 3] [3 9 9] 
  Box 1618: [1 2 4] [1 4 2] [2 4 1] 
  Box 1619: [2 6 7] [6 7 2] [2 7 6] 
  Box 1620: [4 6 9] [6 9 4] [4 9 6] 
  Box 1621: [8 10 5] [5 8 10] [5 10 8] 
  Box 1622: [10 10 8] [8 10 10] 
  Box 1623: [28 42 28] [28 28 42] 
  Box 1624: [37 44 44] [44 44 37] 
  Box 1625: [39 42 23] [23 39 42] [23 42 39] 
  Box 1626: [32 37 29] [29 37 32] [29 32 37] 
  Box 1627: [8 35 42] [8 42 35] [35 42 8] 
  Box 1628: [34 42 1] [1 42 34] [1 34 42] 
  Box 1629: [18 45 28] [18 28 45] [28 45 18] 
  Box 1630: [32 47 6] [6 32 47] [6 47 32] 
  Box 1631: [14 34 15] [15 34 14] [14 15 34] 
  Box 1632: [28 40 9] [9 40 28] [9 28 40] 
  Box 1633: [7 46 22] [7 22 46] [22 46 7] 
  Box 1634: [2 40 37] [37 40 2] [2 37 40] 
  Box 1635: [18 36 45] [36 45 18] [18 45 36] 
  Box 1636: [28 36 18] [18 28 36] [18 36 28] 
  Box 1637: [12 33 4] [4 33 12] [4 12 33] 
  Box 1638: [21 40 38] [38 40 21] [21 38 40] 
  Box 1639: [5 19 9] [9 19 5] [5 9 19] 
  Box 1640: [28 29 32] [29 32 28] [28 32 29] 
  Box 1641: [3 29 39] [3 39 29] [29 39 3] 
  Box 1642: [8 10 49] [8 49 10] [10 49 8] 
  Box 1643: [39 44 49] [39 49 44] [44 49 39] 
  Box 1644: [13 40 21] [13 21 40] [21 40 13] 
  Box 1645: [14 20 34] [20 34 14] [14 34 20] 
  Box 1646: [16 25 36] [25 36 16] [16 36 25] 
  Box 1647: [13 31 44] [31 44 13] [13 44 31] 
  Box 1648: [12 47 4] [4 12 47] [4 47 12] 
  Box 1649: [23 39 47] [39 47 23] [23 47 39] 
  Box 1650: [12 18 50] [18 50 12] [12 50 18] 
  Box 1651: [45 49 17] [17 49 45] [17 45 49] 
  Box 1652: [7 43 10] [10 43 7] [7 10 43] 
  Box 1653: [6 34 16] [6 16 34] [16 34 6] 
  Box 1654: [7 11 5] [5 11 7] [5 7 11] 
  Box 1655: [32 34 43] [32 43 34] [34 43 32] 
  Box 1656: [14 32 29] [14 29 32] [29 32 14] 
  Box 1657: [13 27 50] [27 50 13] [13 50 27] 
  Box 1658: [11 49 17] [17 49 11] [11 17 49] 
  Box 1659: [9 38 48] [38 48 9] [9 48 38] 
  Box 1660: [35 40 17] [17 35 40] [17 40 35] 
  Box 1661: [27 50 22] [22 50 27] [22 27 50] 
  Box 1662: [19 47 16] [16 19 47] [16 47 19] 
  Box 1663: [3 12 45] [3 45 12] [12 45 3] 
  Box 1664: [43 50 11] [11 50 43] [11 43 50] 
  Box 1665: [15 25 13] [13 25 15] [13 15 25] 
  Box 1666: [19 32 49] [19 49 32] [32 49 19] 
  Box 1667: [7 42 18] [18 42 7] [7 18 42] 
  Box 1668: [32 44 1] [1 32 44] [1 44 32] 
  Box 1669: [5 8 47] [8 47 5] [5 47 8] 
  Box 1670: [12 40 1] [1 40 12] [1 12 40] 
  Box 1671: [28 40 11] [11 28 40] [11 40 28] 
  Box 1672: [2 2 2] 
  Box 1673: [3 3 3] 
  Box 1674: [4 4 4] 
  Box 1675: [5 5 5] 
  Box 1676: [6 6 6] 
  Box 1677: [7 7 7] 
  Box 1678: [8 8 8] 
  Box 1679: [9 9 9] 
  Box 1680: [14 19 8] [8 14 19] [8 19 14] 
  Box 1681: [6 9 13] [6 13 9] [9 13 6] 
  Box 1682: [6 13 17] [13 17 6] [6 17 13] 
  Box 1683: [4 6 15] [4 15 6] [6 15 4] 
  Box 1684: [10 13 19] [13 19 10] [10 19 13] 
  Box 1685: [3 20 6] [3 6 20] [6 20 3] 
  Box 1686: [9 17 5] [5 9 17] [5 17 9] 
  Box 1687: [8 13 6] [6 13 8] [6 8 13] 
  Box 1688: [12 15 6] [6 12 15] [6 15 12] 
  Box 1689: [14 16 11] [11 14 16] [11 16 14] 
  Box 1690: [3 5 13] [3 13 5] [5 13 3] 
  Box 1691: [7 19 19] [19 19 7] 
  Box 1692: [2 16 8] [2 8 16] [8 16 2] 
  Box 1693: [18 19 15] [15 18 19] [15 19 18] 
  Box 1694: [7 19 15] [15 19 7] [7 15 19] 
  Box 1695: [16 17 1] [1 17 16] [1 16 17] 
  Box 1696: [2 11 2] [2 2 11] 
  Box 1697: [5 13 5] [5 5 13] 
  Box 1698: [3 8 7] [7 8 3] [3 7 8] 
  Box 1699: [28 42 28] [28 28 42] 
  Box 1700: [37 44 44] [44 44 37] 
  Box 1701: [39 42 23] [23 39 42] [23 42 39] 
  Box 1702: [32 37 29] [29 37 32] [29 32 37] 
  Box 1703: [8 35 42] [8 42 35] [35 42 8] 
  Box 1704: [34 42 1] [1 42 34] [1 34 42] 
  Box 1705: [18 45 28] [18 28 45] [28 45 18] 
  Box 1706: [32 47 6] [6 32 47] [6 47 32] 
  Box 1707: [14 34 15] [15 34 14] [14 15 34] 
  Box 1708: [28 40 9] [9 40 28] [9 28 40] 
  Box 1709: [7 46 22] [7 22 46] [22 46 7] 
  Box 1710: [2 40 37] [37 40 2] [2 37 40] 
  Box 1711: [18 36 45] [36 45 18] [18 45 36] 
  Box 1712: [28 36 18] [18 28 36] [18 36 28] 
  Box 1713: [12 33 4] [4 33 12] [4 12 33] 
  Box 1714: [21 40 38] [38 40 21] [21 38 40] 
  Box 1715: [5 19 9] [9 19 5] [5 9 19] 
  Box 1716: [28 29 32] [29 32 28] [28 32 29] 
  Box 1717: [3 29 39] [3 39 29] [29 39 3] 
  Box 1718: [8 10 49] [8 49 10] [10 49 8] 
  Box 1719: [39 44 49] [39 49 44] [44 49 39] 
  Box 1720: [13 40 21] [13 21 40] [21 40 13] 
  Box 1721: [14 20 34] [20 34 14] [14 34 20] 
  Box 1722: [16 25 36] [25 36 16] [16 36 25] 
  Box 1723: [13 31 44] [31 44 13] [13 44 31] 
  Box 1724: [12 47 4] [4 12 47] [4 47 12] 
  Box 1725: [23 39 47] [39 47 23] [23 47 39] 
  Box 1726: [12 18 50] [18 50 12] [12 50 18] 
  Box 1727: [45 49 17] [17 49 45] [17 45 49] 
  Box 1728: [7 43 10] [10 43 7] [7 10 43] 
  Box 1729: [6 34 16] [6 16 34] [16 34 6] 
  Box 1730: [7 11 5] [5 11 7] [5 7 11] 
  Box 1731: [32 34 43] [32 43 34] [34 43 32] 
  Box 1732: [14 32 29] [14 29 32] [29 32 14] 
  Box 1733: [13 27 50] [27 50 13] [13 50 27] 
  Box 1734: [11 49 17] [17 49 11] [11 17 49] 
  Box 1735: [9 38 48] [38 48 9] [9 48 38] 
  Box 1736: [35 40 17] [17 35 40] [17 40 35] 
  Box 1737: [27 50 22] [22 50 27] [22 27 50] 
  Box 1738: [19 47 16] [16 19 47] [16 47 19] 
  Box 1739: [3 12 45] [3 45 12] [12 45 3] 
  Box 1740: [43 50 11] [11 50 43] [11 43 50] 
  Box 1741: [15 25 13] [13 25 15] [13 15 25] 
  Box 1742: [19 32 49] [19 49 32] [32 49 19] 
  Box 1743: [7 42 18] [18 42 7] [7 18 42] 
  Box 1744: [32 44 1] [1 32 44] [1 44 32] 
  Box 1745: [5 8 47] [8 47 5] [5 47 8] 
  Box 1746: [12 40 1] [1 40 12] [1 12 40] 
  Box 1747: [28 40 11] [11 28 40] [11 40 28] 
  Box 1748: [1 10 3] [1 3 10] [3 10 1] 
  Box 1749: [2 10 4] [2 4 10] [4 10 2] 
  Box 1750: [3 10 6] [6 10 3] [3 6 10] 
  Box 1751: [9 9 3] [3 9 9] 
  Box 1752: [1 2 4] [1 4 2] [2 4 1] 
  Box 1753: [2 6 7] [6 7 2] [2 7 6] 
  Box 1754: [4 6 9] [6 9 4] [4 9 6] 
  Box 1755: [8 10 5] [5 8 10] [5 10 8] 
  Box 1756: [10 10 8] [8 10 10] 

Initial stack (172 boxes):
  [974 993 872] boxIndex=1513 cumHeight=872
  [972 980 197] boxIndex=1043 cumHeight=1069
  [960 975 269] boxIndex=1509 cumHeight=1338
  [951 972 667] boxIndex=1573 cumHeight=2005
  [944 959 238] boxIndex=1175 cumHeight=2243
  [931 953 604] boxIndex=1441 cumHeight=2847
  [921 930 978] boxIndex=933 cumHeight=3825
  [903 921 718] boxIndex=1231 cumHeight=4543
  [898 914 408] boxIndex=1318 cumHeight=4951
  [895 908 566] boxIndex=1143 cumHeight=5517
  [894 899 116] boxIndex=1380 cumHeight=5633
  [890 896 595] boxIndex=1072 cumHeight=6228
  [867 891 166] boxIndex=1315 cumHeight=6394
  [856 882 417] boxIndex=1581 cumHeight=6811
  [854 881 790] boxIndex=1301 cumHeight=7601
  [851 870 705] boxIndex=784 cumHeight=8306
  [843 866 280] boxIndex=727 cumHeight=8586
  [839 863 141] boxIndex=1599 cumHeight=8727
  [838 840 886] boxIndex=707 cumHeight=9613
  [805 835 356] boxIndex=1424 cumHeight=9969
  [803 826 849] boxIndex=622 cumHeight=10818
  [798 825 845] boxIndex=1021 cumHeight=11663
  [776 823 255] boxIndex=1557 cumHeight=11918
  [769 816 542] boxIndex=1493 cumHeight=12460
  [756 807 861] boxIndex=950 cumHeight=13321
  [750 798 38] boxIndex=889 cumHeight=13359
  [743 797 37] boxIndex=1062 cumHeight=13396
  [734 793 454] boxIndex=1374 cumHeight=13850
  [732 770 289] boxIndex=737 cumHeight=14139
  [730 768 314] boxIndex=1047 cumHeight=14453
  [718 758 78] boxIndex=1090 cumHeight=14531
  [700 744 693] boxIndex=978 cumHeight=15224
  [698 736 466] boxIndex=1020 cumHeight=15690
  [689 722 914] boxIndex=1213 cumHeight=16604
  [677 720 931] boxIndex=1226 cumHeight=17535
  [672 708 207] boxIndex=943 cumHeight=17742
  [663 703 233] boxIndex=1527 cumHeight=17975
  [662 677 183] boxIndex=1166 cumHeight=18158
  [645 673 985] boxIndex=1101 cumHeight=19143
  [643 668 977] boxIndex=723 cumHeight=20120
  [639 659 927] boxIndex=758 cumHeight=21047
  [633 652 2] boxIndex=1157 cumHeight=21049
  [618 634 9] boxIndex=1179 cumHeight=21058
  [613 628 181] boxIndex=694 cumHeight=21239
  [579 617 402] boxIndex=862 cumHeight=21641
  [574 604 553] boxIndex=641 cumHeight=22194
  [558 602 766] boxIndex=1260 cumHeight=22960
  [556 595 46] boxIndex=1393 cumHeight=23006
  [541 592 789] boxIndex=1073 cumHeight=23795
  [527 578 449] boxIndex=1555 cumHeight=24244
  [521 562 785] boxIndex=1478 cumHeight=25029
  [501 550 95] boxIndex=1096 cumHeight=25124
  [498 541 118] boxIndex=949 cumHeight=25242
  [492 525 705] boxIndex=815 cumHeight=25947
  [489 510 190] boxIndex=800 cumHeight=26137
  [486 504 745] boxIndex=1138 cumHeight=26882
  [484 494 44] boxIndex=298 cumHeight=26926
  [483 492 141] boxIndex=417 cumHeight=27067
  [479 484 411] boxIndex=268 cumHeight=27478
  [472 482 319] boxIndex=509 cumHeight=27797
  [470 473 401] boxIndex=1365 cumHeight=28198
  [457 469 426] boxIndex=196 cumHeight=28624
  [456 464 882] boxIndex=790 cumHeight=29506
  [452 457 236] boxIndex=481 cumHeight=29742
  [447 456 730] boxIndex=1190 cumHeight=30472
  [442 454 80] boxIndex=410 cumHeight=30552
  [438 444 16] boxIndex=149 cumHeight=30568
  [429 439 871] boxIndex=983 cumHeight=31439
  [428 435 78] boxIndex=128 cumHeight=31517
  [421 431 632] boxIndex=853 cumHeight=32149
  [418 426 784] boxIndex=1200 cumHeight=32933
  [414 423 291] boxIndex=152 cumHeight=33224
  [397 422 123] boxIndex=419 cumHeight=33347
  [396 420 917] boxIndex=809 cumHeight=34264
  [395 417 738] boxIndex=1531 cumHeight=35002
  [372 415 464] boxIndex=502 cumHeight=35466
  [365 404 236] boxIndex=700 cumHeight=35702
  [356 398 809] boxIndex=1428 cumHeight=36511
  [353 396 40] boxIndex=1267 cumHeight=36551
  [349 391 336] boxIndex=179 cumHeight=36887
  [348 389 205] boxIndex=447 cumHeight=37092
  [344 387 234] boxIndex=506 cumHeight=37326
  [333 385 428] boxIndex=110 cumHeight=37754
  [324 383 467] boxIndex=762 cumHeight=38221
  [323 382 85] boxIndex=507 cumHeight=38306
  [316 366 779] boxIndex=1411 cumHeight=39085
  [298 365 148] boxIndex=272 cumHeight=39233
  [292 356 236] boxIndex=1091 cumHeight=39469
  [287 350 454] boxIndex=315 cumHeight=39923
  [279 346 122] boxIndex=1467 cumHeight=40045
  [276 344 205] boxIndex=195 cumHeight=40250
  [261 337 63] boxIndex=292 cumHeight=40313
  [256 335 330] boxIndex=1053 cumHeight=40643
  [250 329 10] boxIndex=1331 cumHeight=40653
  [242 324 803] boxIndex=1499 cumHeight=41456
  [230 323 314] boxIndex=384 cumHeight=41770
  [227 315 26] boxIndex=490 cumHeight=41796
  [226 305 77] boxIndex=271 cumHeight=41873
  [224 298 168] boxIndex=442 cumHeight=42041
  [222 297 162] boxIndex=215 cumHeight=42203
  [217 287 407] boxIndex=430 cumHeight=42610
  [216 280 218] boxIndex=436 cumHeight=42828
  [213 279 162] boxIndex=99 cumHeight=42990
  [205 268 241] boxIndex=571 cumHeight=43231
  [203 257 451] boxIndex=206 cumHeight=43682
  [200 256 365] boxIndex=1336 cumHeight=44047
  [196 251 306] boxIndex=282 cumHeight=44353
  [190 249 93] boxIndex=517 cumHeight=44446
  [188 240 185] boxIndex=615 cumHeight=44631
  [186 234 101] boxIndex=557 cumHeight=44732
  [185 224 460] boxIndex=426 cumHeight=45192
  [178 223 162] boxIndex=402 cumHeight=45354
  [173 222 144] boxIndex=1594 cumHeight=45498
  [169 220 685] boxIndex=1605 cumHeight=46183
  [164 218 362] boxIndex=393 cumHeight=46545
  [160 213 298] boxIndex=1338 cumHeight=46843
  [154 209 57] boxIndex=1588 cumHeight=46900
  [150 198 272] boxIndex=250 cumHeight=47172
  [149 191 175] boxIndex=500 cumHeight=47347
  [145 186 407] boxIndex=155 cumHeight=47754
  [142 184 189] boxIndex=318 cumHeight=47943
  [136 180 451] boxIndex=184 cumHeight=48394
  [129 176 241] boxIndex=560 cumHeight=48635
  [125 168 443] boxIndex=596 cumHeight=49078
  [120 153 862] boxIndex=897 cumHeight=49940
  [109 150 180] boxIndex=306 cumHeight=50120
  [103 147 334] boxIndex=541 cumHeight=50454
  [99 144 884] boxIndex=1228 cumHeight=51338
  [97 143 146] boxIndex=168 cumHeight=51484
  [92 135 379] boxIndex=593 cumHeight=51863
  [83 126 227] boxIndex=499 cumHeight=52090
  [76 117 747] boxIndex=1580 cumHeight=52837
  [70 115 971] boxIndex=1606 cumHeight=53808
  [68 109 444] boxIndex=1364 cumHeight=54252
  [67 96 45] boxIndex=75 cumHeight=54297
  [66 93 69] boxIndex=51 cumHeight=54366
  [62 88 66] boxIndex=52 cumHeight=54432
  [58 84 22] boxIndex=122 cumHeight=54454
  [57 77 38] boxIndex=47 cumHeight=54492
  [56 74 813] boxIndex=1233 cumHeight=55305
  [52 72 32] boxIndex=62 cumHeight=55337
  [50 71 8] boxIndex=66 cumHeight=55345
  [45 70 358] boxIndex=256 cumHeight=55703
  [44 65 61] boxIndex=12 cumHeight=55764
  [42 57 75] boxIndex=4 cumHeight=55839
  [40 54 100] boxIndex=65 cumHeight=55939
  [39 49 44] boxIndex=1643 cumHeight=55983
  [38 48 9] boxIndex=1659 cumHeight=55992
  [37 44 44] boxIndex=1624 cumHeight=56036
  [35 42 8] boxIndex=1627 cumHeight=56044
  [30 41 262] boxIndex=137 cumHeight=56306
  [29 39 3] boxIndex=1641 cumHeight=56309
  [28 38 11] boxIndex=88 cumHeight=56320
  [25 36 62] boxIndex=397 cumHeight=56382
  [22 34 96] boxIndex=59 cumHeight=56478
  [19 32 71] boxIndex=73 cumHeight=56549
  [18 31 90] boxIndex=35 cumHeight=56639
  [17 28 82] boxIndex=11 cumHeight=56721
  [16 27 58] boxIndex=63 cumHeight=56779
  [15 25 13] boxIndex=1665 cumHeight=56792
  [14 22 44] boxIndex=87 cumHeight=56836
  [13 21 40] boxIndex=1644 cumHeight=56876
  [12 18 50] boxIndex=1650 cumHeight=56926
  [11 17 49] boxIndex=1658 cumHeight=56975
  [9 16 387] boxIndex=370 cumHeight=57362
  [8 14 19] boxIndex=1680 cumHeight=57381
  [6 13 9] boxIndex=1681 cumHeight=57390
  [5 11 7] boxIndex=1654 cumHeight=57397
  [4 10 2] boxIndex=607 cumHeight=57399
  [3 9 9] boxIndex=609 cumHeight=57408
  [2 8 16] boxIndex=1692 cumHeight=57424
  [1 4 2] boxIndex=610 cumHeight=57426
